61
1 1 12925
2 771 97096
1 3307 86719
1 4493 71635
2 6180 24535
2 10634 60442
2 10643 80139
2 16838 69032
2 18250 88477
1 19793 73959
2 21803 90955
2 22636 14683
2 23495 10388
1 29420 6279
1 30128 71162
2 30710 11504
2 33058 83848
2 33490 68911
1 34023 82254
2 35785 44368
1 38456 78951
1 40027 2986
2 40342 71933
2 48053 51921
1 48201 42816
2 48641 22577
2 50586 90742
1 54119 38907
2 54499 81000
1 56440 6215
2 56724 75134
2 57577 26973
1 58429 43557
2 60544 89929
1 61833 20815
1 65173 91922
1 66021 82011
2 68062 8233
1 74473 51694
1 75948 58131
1 75952 58945
1 77951 35768
1 78429 55141
1 79350 32410
1 80103 29303
1 80665 59428
2 81283 96076
2 84889 62481
1 86303 13309
2 86826 29782
1 90291 90500
1 90400 51494
1 90826 28225
2 92268 247
1 92746 9425
1 92933 94937
2 92935 31042
1 95103 54651
2 95655 69516
1 97158 2584
3 99777
