15 76 5
13 2 5 4 1 8 3 12
12 13 5259
1 13 2556
6 15 1145
4 15 4969
1 4 473
2 3 2921
1 5 3252
14 15 2240
10 14 7188
3 11 7629
4 13 7551
8 14 3283
8 12 4414
1 9 2415
6 13 9506
6 9 1454
6 7 758
2 4 7823
6 8 1518
5 11 8809
8 13 3133
3 6 5801
7 13 8438
11 15 7757
11 14 6133
4 11 1925
10 12 7287
8 15 9406
2 8 3327
12 15 7971
10 11 642
5 12 3465
4 9 8641
4 12 8167
7 14 8527
4 7 7107
9 11 2251
7 15 2599
4 6 1309
2 12 9863
5 9 5992
4 10 7779
9 10 2542
3 15 7599
12 14 1559
2 7 7345
7 10 1616
5 15 1124
2 15 9838
1 10 6951
8 11 9058
3 9 4151
5 13 2739
10 15 7723
2 14 2508
3 8 3316
11 13 8023
7 9 6661
9 13 7647
4 8 6889
1 11 9615
6 12 5322
5 7 8256
2 13 4114
9 15 823
1 8 1237
11 12 1513
2 9 951
5 14 2931
13 14 3195
2 11 7335
6 11 1471
3 12 4656
8 9 6770
4 14 8639
1 3 8196
