19 129 9
4 17 3 11 14 5 10 9 16 6 12 15
2 5 6043
11 16 9886
1 7 3688
8 9 5501
1 19 1225
2 8 3678
17 18 7354
4 17 502
1 13 609
10 17 1913
3 14 1468
12 16 4033
9 11 9264
5 12 6090
6 13 9062
9 17 6652
2 4 631
12 19 237
8 18 3340
5 11 9069
12 15 1359
2 16 1840
2 19 6617
9 13 7809
11 15 7949
4 7 2072
9 15 4853
6 9 5108
2 15 4718
1 3 4809
13 14 5780
4 15 1311
5 9 2197
8 17 3066
6 10 5110
3 6 7234
7 10 8936
4 11 3911
6 15 420
3 5 6970
4 5 4578
5 16 9519
2 11 4355
1 12 1401
3 12 1177
4 13 9162
6 17 3085
3 9 7208
1 11 6737
4 18 883
7 16 7387
8 10 8453
6 12 308
14 15 7945
11 13 3481
2 17 6847
5 19 8008
4 16 9742
3 7 6724
8 14 9841
10 13 7730
14 18 1386
11 17 989
5 6 5251
1 9 1238
3 18 6195
3 10 9648
3 11 181
5 18 4679
5 7 2031
14 19 2645
5 10 5846
16 17 8990
11 14 5561
10 14 2192
1 2 123
13 15 2110
6 14 9628
8 12 9362
7 11 539
2 9 2545
12 13 4447
10 19 4886
2 3 390
18 19 4541
11 12 6679
1 6 2435
6 19 6459
6 11 2145
3 15 8986
3 13 3542
7 17 5537
8 16 5165
15 17 6078
15 16 7967
14 17 1727
8 19 3141
6 8 370
1 5 7458
16 19 855
1 8 4547
5 8 7016
4 12 936
9 19 9683
4 10 8687
11 19 1607
2 12 9451
7 8 7924
13 17 5158
15 19 7324
5 17 1243
7 13 2132
3 19 8347
6 18 4533
4 9 9317
10 12 988
1 18 9658
4 14 1973
2 10 4645
9 12 3300
11 18 1978
8 15 4257
5 13 4658
7 9 2166
10 16 7653
2 13 6894
12 18 7446
3 17 2791
7 12 872
