171 10
8296 8296 5568
9137 9137 260
9412 9412 3050
8506 8506 1028
9460 86 8096
7751 7751 2482
2940 2940 2576
2702 1351 8548
8099 8099 6204
7787 7787 8686
5206 5206 6440
5973 5973 6922
8095 8095 3594
7490 7490 2456
9028 9028 5512
6399 6399 9094
5083 221 5798
9614 209 406
8972 4486 7314
7917 7917 5306
8016 8016 1150
7042 3521 8076
7539 7539 8856
7056 7056 7066
7452 7452 7536
7736 3868 2556
8128 8128 1578
7784 7784 5938
4350 1450 7440
7090 3545 9348
8224 8224 3192
2298 766 7286
6032 6032 8054
4960 2480 1122
7971 7971 1182
8953 8953 4938
4108 2054 4834
6900 1725 3776
6793 6793 7158
4883 4883 9216
3324 277 5518
8599 8599 418
7881 7881 274
8202 8202 9184
5910 1970 2644
5941 5941 1682
6970 3485 9944
5632 5632 8612
5648 5648 7294
6538 6538 2470
9028 9028 8406
7644 1092 8046
9129 9129 6292
5364 2682 5936
4730 4730 6152
9630 9630 1364
4852 4852 4278
6828 6828 3946
5857 5857 7702
9876 4938 1796
8293 8293 7226
2710 2710 9880
8061 8061 7636
7751 7751 1610
3859 3859 7606
6555 1311 1228
5248 5248 2700
2805 935 3550
5232 1308 8246
6822 3411 5690
9435 3145 9766
1032 516 5518
9733 9733 9150
4696 4696 5454
8927 8927 8042
5944 2972 5770
4389 4389 7250
7034 3517 6834
4439 4439 7902
3064 3064 8564
7170 7170 8132
6491 6491 6064
6947 6947 1206
7308 3654 4922
4828 68 7070
6979 6979 9750
5837 5837 2964
9743 9743 2864
6490 3245 7906
7282 7282 26
9267 9267 8834
6190 6190 7290
4140 2070 4396
8621 8621 4788
8865 8865 1780
7850 7850 768
7469 7469 1560
5028 5028 2622
9608 4804 9038
7556 3778 8440
3721 3721 4164
8298 2766 8150
9902 9902 820
5608 5608 6164
9150 9150 3836
2233 2233 7672
5654 5654 6880
1584 1584 6840
2024 2024 9164
8808 8808 2070
9744 2436 7484
4089 4089 5280
1327 1327 788
2979 2979 2236
8313 2771 5988
1002 1002 8774
8337 8337 6420
3398 3398 3208
7926 7926 6180
9984 3328 9858
5954 5954 9964
9902 9902 7538
9050 9050 3456
6562 386 1832
4816 2408 9080
8928 8928 7240
3695 739 1710
9933 9933 8672
6668 3334 1378
8857 8857 9900
7572 2524 6666
9532 4766 7846
8816 8816 198
7068 7068 9942
1365 1365 9440
5145 5145 9322
8950 8950 3556
9000 1800 3586
9539 9539 7122
6483 6483 2212
9160 1832 4228
5262 5262 222
7110 7110 3172
5641 5641 8974
7338 7338 788
8233 8233 4158
7373 7373 2246
6852 1142 1558
6508 1627 480
9068 9068 3508
7890 2630 5344
9477 9477 6164
5365 5365 3270
7348 7348 5368
5738 5738 3370
9176 9176 5772
7868 7868 9624
7756 1939 898
6386 6386 5704
9859 9859 3806
4564 1141 9762
7722 1287 1434
5432 5432 6180
7179 2393 3746
6960 174 2148
2806 2806 4386
6461 923 6004
7400 1480 630
9407 9407 8514
7881 7881 152
9752 9752 5110
