1313 2
7404 7404 3196
8305 8305 6462
2508 2508 3820
8680 868 4890
6854 3427 5688
3453 1151 5794
5567 5567 1444
9872 4936 5240
1331 1331 9050
4946 4946 4754
6694 6694 1910
4844 692 1324
8760 2920 6906
9959 9959 3508
5037 1679 3398
9168 764 6660
2278 2278 3310
1337 191 2652
10000 2500 6328
7720 7720 8914
1775 1775 9104
2892 2892 7952
2800 1400 1288
6201 6201 6130
8984 8984 5116
4624 578 8930
9610 9610 7896
7736 3868 9852
9178 9178 2590
8337 397 4448
9592 9592 3562
5690 5690 3730
3353 3353 9776
1674 558 4996
6035 6035 3356
3540 1770 7920
6668 6668 2646
1735 347 1476
8592 8592 2092
8409 8409 2642
7955 7955 1048
7467 7467 3910
9451 727 8982
7416 7416 4920
8964 8964 1304
9029 9029 3772
8906 122 638
8670 8670 3516
6564 547 1984
6210 2070 184
3336 417 5876
8686 8686 8900
8553 8553 1138
6679 6679 9510
5731 5731 7646
5896 5896 2620
2428 2428 5100
8023 8023 8022
9985 9985 7630
3343 3343 9758
5661 1887 5112
7218 3609 848
7494 3747 6468
3069 341 9268
5455 1091 7510
6607 6607 7396
9803 9803 7186
9886 9886 5460
7231 1033 3452
9308 4654 8982
6210 2070 1152
8357 8357 2004
9683 9683 348
9486 3162 438
4554 1518 3138
8497 8497 5334
5877 1959 3776
7330 7330 5690
6864 2288 6442
6221 6221 7930
4079 4079 6778
7409 7409 3832
8437 8437 5484
6900 6900 246
3640 364 6354
6108 3054 5960
7954 7954 5426
8998 4499 3534
4290 1430 4900
9040 1808 650
6458 6458 5410
8192 8192 7312
9343 9343 10000
9120 4560 7366
8650 8650 9680
6150 6150 690
6275 6275 6832
8327 8327 5672
6705 6705 4
6014 3007 5960
7774 7774 1988
9064 9064 8502
3282 3282 4912
3904 3904 1918
5114 5114 5612
5784 5784 2100
5262 1754 1154
5447 5447 4246
7594 3797 2412
7320 7320 8730
8178 8178 8270
5535 5535 2316
6339 6339 9014
6461 6461 8230
2328 24 1896
5940 5940 6990
9810 1635 5556
3916 1958 1620
7696 7696 2850
6076 6076 3580
7452 7452 7990
9143 223 846
6451 6451 8830
5784 2892 5190
7903 7903 8264
6765 6765 5356
8511 2837 9514
7230 7230 4230
3333 1111 5620
1673 1673 8130
5871 5871 6426
4518 1506 4458
5540 1385 322
8112 8112 4550
8076 2692 4014
9766 9766 7972
9089 9089 6958
5466 1822 6728
9017 9017 6076
5369 5369 6016
7298 3649 7752
7362 7362 5296
3907 3907 6826
6722 3361 7208
7319 7319 1624
7104 444 6560
9218 9218 4052
7703 7703 9350
6601 6601 8186
3844 3844 1502
5216 1304 3826
9720 9720 676
4219 4219 2166
5020 5020 308
7115 7115 822
3589 3589 3822
3860 1930 4154
1561 1561 7528
7276 7276 8982
7609 7609 384
6050 22 6888
5246 2623 4752
8796 1466 7250
8558 4279 9286
9568 92 4332
7506 1251 3086
5740 5740 3776
9595 9595 6472
2002 2002 1040
7217 7217 4770
5894 2947 174
5405 5405 3104
8412 4206 6960
4205 4205 442
7932 3966 6600
7018 638 410
6720 420 7892
1582 791 2492
5569 5569 236
3444 3444 7032
7312 7312 7496
6888 3444 454
6781 6781 8390
6332 6332 9412
5631 1877 6150
4083 4083 4524
2289 2289 6522
7882 3941 1944
5390 2695 3088
6392 6392 6998
2659 2659 9112
3221 3221 1780
8825 8825 4522
9710 9710 2296
9854 4927 9482
3329 3329 5614
6781 6781 3874
7758 2586 3884
8400 8400 1748
3360 224 7868
4260 4260 7732
6218 6218 9230
9854 4927 8200
6143 6143 4994
9288 86 9838
5584 1396 8168
5061 5061 2486
7375 7375 8998
7665 7665 4362
8153 8153 5764
7012 1753 1878
9000 1800 1900
7701 7701 4120
6261 6261 5272
1504 1504 1210
8320 1040 2756
9205 263 544
9159 9159 610
1652 826 6680
2477 2477 8356
3827 3827 6158
9375 1875 8094
9824 4912 2720
9258 9258 9192
5038 2519 2642
9487 9487 9686
9062 9062 5986
9109 9109 7510
4753 4753 620
1120 560 9268
5806 5806 7146
8384 8384 2950
8408 4204 9128
8470 1210 7434
7834 3917 4502
5094 5094 3174
8592 8592 4454
7038 2346 4236
5547 5547 1174
7907 7907 7498
8580 220 8298
9614 4807 6984
2304 2304 9378
8630 1726 2058
9374 9374 5346
6988 6988 110
9714 4857 4486
4216 4216 3468
9429 9429 8938
3044 3044 6698
4175 4175 1442
6556 6556 412
2778 1389 5410
8231 8231 510
4885 4885 8324
5337 5337 504
7465 1493 680
335 67 9188
4473 4473 2210
7542 7542 3152
8012 8012 4950
7462 7462 9336
9510 4755 1576
6208 6208 5144
6962 3481 6978
5929 5929 5906
3070 1535 7798
9890 9890 6054
6541 6541 4490
9983 9983 3820
4165 4165 4322
6143 6143 4564
7684 7684 1462
1310 1310 6918
9656 9656 1836
4433 4433 9094
6298 6298 6876
3538 3538 3932
3356 3356 7928
8004 8004 9734
3152 3152 7434
8554 1222 7670
9854 9854 810
7851 7851 1862
7364 526 4140
3816 477 6700
9632 4816 8566
7978 3989 8484
6237 297 7814
7709 7709 2506
9965 1993 8304
8486 8486 6110
6943 6943 9842
9891 1413 3580
1944 243 7226
8632 8632 332
7578 3789 9778
6689 6689 3242
6604 6604 5508
9736 2434 6782
2947 2947 4344
5769 5769 3090
6628 6628 2468
6294 2098 8666
7771 7771 4528
8828 2207 1390
2546 1273 4570
9277 9277 3214
4330 2165 2256
4584 4584 2766
8208 2052 1406
8876 8876 8530
9330 4665 20
9195 9195 5628
4819 4819 6436
5086 5086 5788
7694 7694 7668
2427 2427 7860
6918 6918 2186
5110 2555 4088
3365 3365 5136
7219 7219 5962
8899 8899 9424
5649 807 1868
1786 1786 1040
5871 1957 6258
5041 5041 6564
8032 4016 24
7489 7489 9128
6062 6062 8308
9526 9526 8506
4529 4529 6274
4241 4241 8592
5272 2636 5810
6370 6370 4992
6084 6084 9966
7050 470 4174
7182 7182 2904
5664 5664 1128
2960 2960 1190
4026 2013 8806
8316 462 760
3290 1645 6758
7251 7251 9320
4470 894 9596
5440 1360 9700
5826 5826 4834
7531 443 9546
5131 5131 5796
8921 8921 9890
6795 6795 9152
1752 1752 4066
9944 9944 214
9688 9688 5020
3300 3300 6332
5463 5463 4368
7887 7887 7608
3488 1744 3256
9947 9947 5644
6883 6883 6920
5689 5689 5508
7829 7829 9642
6479 6479 7166
7898 3949 1220
9343 9343 7816
3485 3485 3170
9832 2458 3260
9646 9646 4546
8030 8030 3274
8578 8578 2890
7374 7374 8504
5536 5536 2110
5682 5682 2618
6995 6995 7194
8770 8770 3874
7581 7581 9810
5200 50 5732
3041 3041 8428
7271 7271 988
8853 8853 336
9737 107 1760
8132 8132 4470
6996 1166 7838
9820 9820 9142
7074 54 5630
6795 6795 7170
8148 8148 8450
7461 2487 9438
9339 9339 6414
5491 5491 9418
9988 4994 3584
8092 8092 7314
463 463 5312
7718 3859 3160
8685 8685 1564
8384 8384 3696
3931 3931 5080
1008 1008 1720
9314 9314 5930
9094 4547 3950
8064 672 8782
5664 2832 6362
9321 9321 294
400 200 3262
5637 5637 7498
9705 647 4884
6946 3473 9412
9348 9348 5534
6848 6848 4448
6848 6848 3496
9150 9150 6122
6886 6886 5472
9369 3123 1976
9267 3089 8882
6771 6771 4300
8004 8004 7576
7660 7660 24
2211 67 6014
7546 3773 2864
2416 2416 2222
7225 7225 5294
5088 5088 4094
7229 7229 3376
6945 6945 3084
5253 5253 2726
7084 3542 1112
4956 354 3150
8559 8559 1356
8989 8989 1674
4598 2299 4962
5037 5037 5470
5885 5885 6548
8092 4046 5722
9889 29 8488
8706 2902 5110
8603 8603 3670
9840 615 2380
9008 9008 8378
8064 8064 486
5702 5702 1472
7644 3822 1000
8788 8788 6118
5611 5611 5042
9131 9131 1782
1101 1101 3296
7652 7652 9554
6981 6981 7502
7689 2563 9064
1798 899 8532
2455 2455 632
5441 5441 9224
4515 4515 6706
7108 3554 7908
9836 4918 4932
8824 1103 7940
7018 319 7896
7554 1259 5446
5191 5191 2656
1429 1429 9182
8071 8071 1890
7010 7010 7458
8110 8110 7068
9784 2446 2124
5852 5852 2316
5162 5162 9416
5596 5596 2406
5622 2811 9280
6966 3483 9542
7679 7679 2010
9639 9639 1590
6475 6475 9720
7481 7481 9472
1046 1046 7812
6790 3395 6752
4514 4514 564
9741 3247 784
7128 594 1242
9118 9118 4042
9266 9266 6528
5901 5901 8196
7537 7537 9836
7896 987 2436
6540 3270 3138
3845 3845 4650
8607 8607 8852
1797 1797 5458
2657 2657 7186
7690 7690 9920
9054 9054 8826
3741 3741 8678
9279 9279 7990
7392 3696 8632
7592 3796 138
6728 6728 2542
6950 3475 2336
6591 6591 7694
9674 4837 4380
3056 3056 7692
7056 3528 4412
2283 2283 9892
6788 6788 7342
7526 7526 4434
6894 6894 2180
6592 3296 6620
5657 5657 3582
7252 518 8430
5434 5434 8358
6905 6905 1306
9233 1319 9380
8682 2894 2180
4715 4715 4134
9163 9163 7402
4475 4475 3406
6501 6501 9258
8754 2918 7314
6290 629 1340
8989 8989 300
6665 6665 2362
9647 9647 4276
8529 8529 7092
4228 1057 7842
8907 8907 6912
5041 5041 1038
1530 153 620
9134 4567 1862
4535 907 2842
8339 8339 6380
6836 3418 478
5549 5549 5100
8852 2213 9974
8911 8911 4432
4423 4423 1936
2535 2535 2570
7289 7289 1932
3479 3479 7468
7296 1824 2208
5462 2731 8942
800 800 436
3832 1916 1072
5897 5897 7538
9078 534 4022
6791 6791 8308
7570 7570 1202
7362 2454 6990
7914 1319 3000
6777 6777 7936
6832 3416 4900
8729 8729 6078
3300 1100 1452
7516 7516 1356
2228 1114 5308
6111 6111 5212
7560 7560 4912
9236 9236 6724
9239 9239 2958
6045 6045 2394
7882 7882 9112
9138 3046 4700
8800 8800 4982
2275 325 7182
7704 7704 3372
5759 5759 2728
9778 9778 8646
4928 154 1690
5358 2679 6484
9154 4577 2502
9378 9378 4324
8376 2094 2184
9342 519 9210
8379 8379 7510
8451 8451 126
2039 2039 9676
9783 9783 4598
6708 1677 6772
9753 9753 3558
5696 5696 4414
9026 4513 648
6792 3396 1036
8610 2870 9748
8853 2951 2178
7786 3893 4786
3288 3288 9334
4870 2435 9302
3736 1868 684
6743 6743 8732
8090 4045 6012
8612 8612 8068
8534 4267 5464
3838 3838 7058
5333 5333 2652
8520 2840 1142
9442 9442 9978
9150 1830 6604
4590 2295 7148
7202 7202 3504
2544 848 3530
8367 2789 8492
7654 3827 44
7524 7524 5272
9893 9893 4088
5155 5155 7136
2541 847 7622
6411 2137 8276
7220 722 4888
6298 6298 9446
6516 3258 1810
7361 7361 2256
7896 7896 296
9965 9965 8840
8248 1031 2596
7242 3621 3098
6790 3395 9302
5023 5023 4812
5431 5431 2816
8230 8230 6774
7045 7045 2918
6530 3265 1992
7953 7953 872
4111 4111 7876
7762 7762 1400
6668 3334 5032
5486 5486 9096
8088 4044 8516
8083 8083 8098
8067 8067 8992
4652 4652 7334
3919 3919 6820
7590 1518 9034
7654 7654 8566
8478 471 1910
2895 965 5206
8505 8505 6904
5956 5956 6720
5291 5291 1582
1181 1181 1804
9404 9404 4610
6214 6214 3812
8787 8787 2928
3484 3484 4642
8643 8643 4522
7503 2501 8978
7574 3787 8112
7032 7032 9118
5278 5278 7872
5492 5492 3056
6280 6280 2998
8477 8477 7168
7598 3799 8576
9771 9771 4994
7924 7924 3528
7461 2487 1274
1844 461 6728
8240 40 9466
4078 2039 1504
9166 9166 7650
6513 501 9190
5933 5933 6100
786 131 888
4185 155 2146
7740 3870 400
6843 6843 7340
5771 5771 5242
9981 9981 5194
9496 9496 6468
5460 5460 9964
5499 5499 5296
2589 2589 4410
6072 6072 7724
9669 9669 470
7752 408 3310
5968 5968 3022
5334 5334 2882
9752 9752 7434
4238 4238 4972
6942 2314 6244
8054 4027 4064
8753 8753 2890
7216 7216 2542
3690 1845 5170
328 164 8664
9121 9121 6902
4032 4032 2300
6636 1659 7798
5793 5793 9204
9686 4843 3064
3533 3533 9824
6105 6105 730
8705 8705 8368
5560 5560 8384
8968 8968 5734
9226 9226 9488
9001 9001 6414
9950 9950 3708
9659 9659 2582
8575 8575 2092
4257 4257 1340
2772 2772 5870
3792 3792 5816
9192 383 4496
6628 6628 7882
7892 7892 1930
8016 2004 7692
2657 2657 7494
5978 854 3788
5104 5104 6542
6686 3343 8134
8772 8772 2574
6140 1535 5536
6409 6409 1514
6258 3129 2430
2788 2788 7050
7713 7713 7810
2079 2079 4668
8418 1403 5662
8822 8822 7554
8696 8696 6214
5715 1905 3168
8988 1498 9628
7398 3699 6152
8257 8257 9448
5658 1886 9488
8968 8968 3272
8190 65 2244
5470 5470 8644
6460 1615 7214
3367 3367 6000
4508 2254 5148
9272 9272 9512
5283 1761 7938
3172 3172 3674
6766 6766 1492
5124 854 6288
5814 2907 1586
2465 2465 6500
3921 1307 3830
8421 8421 1674
7470 1245 4460
7227 2409 3704
8860 4430 4166
8674 8674 8808
8380 8380 6654
9495 3165 342
8423 8423 7750
9676 9676 3632
3834 3834 3824
9621 1069 18
3689 3689 5550
7392 3696 3832
8388 4194 3174
5445 5445 1556
8258 8258 1486
5786 2893 1260
8019 8019 1072
535 535 7048
8438 8438 792
9540 954 2250
8837 8837 6642
5734 5734 7128
7209 7209 9030
4226 4226 6684
6020 1204 5072
8209 8209 8056
9918 522 1712
8074 8074 8502
6972 3486 6550
8552 4276 1226
7200 1440 4042
7416 7416 232
8062 4031 4520
7928 1982 1426
7212 2404 2470
8479 8479 4424
8663 8663 2062
7886 7886 3792
7817 7817 6398
6773 6773 3712
8158 8158 8190
4800 400 322
5136 5136 4056
5201 743 1974
7802 7802 1516
9438 9438 8208
4936 4936 4572
5649 5649 7988
3603 1201 4890
826 413 1796
9644 9644 6242
5662 2831 9602
7973 7973 750
7126 1018 2372
9636 4818 8842
7299 7299 9434
9807 9807 8652
6477 6477 8080
7671 7671 7940
9855 3285 6382
8855 8855 8202
4095 1365 1560
3536 3536 4932
9992 9992 2100
6028 3014 1032
8157 8157 142
7863 2621 6936
2166 2166 56
9192 3064 1798
8259 8259 936
561 561 5882
7296 7296 6834
9370 4685 3172
6719 6719 3548
1336 1336 5780
9192 9192 272
4911 1637 146
6135 6135 6284
6103 6103 4534
8485 8485 2628
6215 6215 2636
8208 4104 3178
4072 1018 5770
9134 9134 9558
3228 1076 6006
7202 3601 4850
8726 8726 5694
5871 1957 8492
5310 5310 1064
2326 2326 5354
7485 2495 8708
6948 2316 4870
7329 7329 7884
8566 4283 9340
9972 3324 9608
5681 5681 3286
8740 4370 9962
8777 8777 2920
5940 180 3048
5994 2997 7358
8406 2802 7328
8388 8388 6762
8691 2897 598
6962 3481 1020
8907 8907 1786
8929 8929 592
6784 3392 6700
8647 8647 2522
5550 5550 9176
7161 1023 9890
3471 3471 1918
9659 743 4660
9283 9283 1010
5700 475 7026
7093 7093 2374
9267 9267 7916
9077 9077 4576
7190 7190 6032
8476 8476 88
9597 3199 1524
7180 7180 9962
7343 7343 8728
6940 3470 3586
8901 8901 8554
3966 3966 7602
8086 4043 722
3441 3441 5662
3710 530 2950
9159 3053 8122
6457 6457 6172
9120 190 9714
7797 2599 5706
7235 7235 322
8319 8319 760
6808 6808 9666
8174 8174 710
4452 1113 9990
9158 9158 9354
6116 6116 3596
9586 9586 5604
8450 4225 6954
4428 4428 7542
5852 5852 9504
4800 8 4992
8310 8310 7592
6216 2072 598
4768 4768 6408
6746 6746 912
3951 3951 5892
9124 9124 912
1936 968 776
8607 8607 7590
5790 2895 610
4360 2180 7976
8069 8069 896
8916 1486 8508
5194 742 7574
6194 6194 7124
6430 6430 3928
5115 93 860
9496 9496 3334
6386 6386 7496
2520 2520 1568
6794 6794 5402
6161 6161 5906
6899 6899 6922
4451 4451 2474
5718 2859 2364
6696 6696 7798
4925 985 7482
8570 8570 3242
7523 7523 1650
5266 5266 8858
4338 723 3528
9202 4601 4490
7826 602 9820
9704 1213 4422
2461 2461 372
4230 4230 3650
7609 7609 2632
7495 1499 8760
9686 9686 6802
2104 2104 570
9276 1546 6194
9099 9099 772
2549 2549 4738
6664 6664 5908
9708 4854 4446
9666 9666 2988
3998 3998 9668
8556 4278 7230
9268 2317 2144
5763 5763 3540
7556 7556 7630
8276 2069 7742
1275 255 9032
9227 9227 7708
8365 8365 3616
6066 6066 8826
7858 7858 2984
4064 2032 8828
9196 9196 588
8544 8544 4626
8734 8734 4512
9978 4989 8380
5955 5955 6192
3138 1046 9828
4307 4307 322
9082 9082 4446
5994 5994 1582
5334 5334 4996
5091 5091 2586
2056 2056 3282
6655 6655 5368
9214 9214 9398
1504 1504 9918
3620 724 2534
9596 9596 3406
8161 8161 6558
6988 3494 6162
4564 4564 6850
8244 8244 5564
4809 687 1206
7326 3663 3110
4629 1543 4902
9590 4795 4934
5180 5180 972
3382 3382 5020
3690 1230 1886
7632 7632 972
8955 1791 5864
3693 3693 5456
8398 8398 4682
1826 913 5748
8190 4095 1750
4397 4397 7612
9180 1530 6020
9753 3251 2950
8209 8209 7486
4100 820 1450
9375 3125 1970
4018 4018 5032
7274 7274 8222
8159 8159 3782
7224 3612 3166
5392 5392 416
9528 4764 5916
4690 4690 9780
4021 4021 9446
7701 2567 3750
5978 5978 3234
9651 9651 1706
8469 8469 7346
8007 2669 5028
5056 2528 7826
9974 4987 7976
8104 2026 3670
5920 5920 1856
6808 6808 4544
8587 8587 3906
5014 5014 8966
7338 7338 8026
6534 6534 628
5201 5201 582
5197 5197 8782
9318 3106 8574
4707 4707 7912
4314 4314 2666
3031 433 8006
6378 2126 9338
5090 5090 9574
9090 3030 8854
9319 9319 56
6291 6291 496
8641 8641 4790
9347 9347 9628
5260 1315 244
8216 8216 1738
9765 3255 7716
5493 5493 9250
4682 4682 9142
8396 8396 1788
5153 5153 4388
5561 5561 1608
7090 1418 892
5027 5027 8912
8619 8619 7514
8700 8700 2662
4785 11 3256
9669 879 2282
7615 7615 1846
7688 7688 1674
8277 8277 9886
5261 5261 7354
6272 6272 6290
6516 6516 1808
7714 3857 92
7401 7401 3672
1842 1842 4244
7116 3558 6398
6060 1010 1752
7040 3520 2748
5491 5491 8466
6445 6445 3252
7094 7094 7916
1546 1546 1414
9084 9084 6674
5879 5879 7084
6705 745 1828
5188 5188 916
9720 3240 1158
6417 2139 7990
5633 5633 9712
2097 2097 6762
6599 6599 3154
3085 3085 4176
9668 9668 8394
9225 369 7116
9306 4653 7554
3750 1875 988
4028 4028 8014
8858 8858 5680
6769 6769 4500
9341 9341 184
7636 7636 1850
5620 2810 9648
1797 1797 8752
4198 2099 6004
8160 8160 9890
9858 9858 7342
7308 7308 1516
9098 4549 9220
6780 6780 2878
8528 8528 9298
6735 6735 5712
7708 3854 658
4182 2091 1726
7133 7133 4656
606 303 3524
5868 1956 9508
5847 5847 8138
2720 340 2200
4963 4963 8794
7668 3834 6964
9409 9409 9850
9448 9448 7334
5818 5818 7476
6238 6238 5780
5901 5901 8616
8729 8729 4252
5178 2589 3480
4287 4287 2192
3500 1750 7482
9141 3047 7590
2516 2516 7328
8832 1472 336
9075 3025 1440
2592 648 1012
5051 5051 2566
7853 7853 8096
6957 6957 3238
5701 5701 7040
7707 7707 5950
2070 345 8178
5625 1125 8804
5030 5030 2806
7653 7653 492
8856 8856 4216
6438 6438 492
5859 5859 4902
3274 3274 5230
8193 2731 868
3931 3931 3906
7565 7565 6316
3967 3967 9020
7806 7806 4836
4483 4483 4112
6446 6446 3032
5062 5062 2970
3180 1060 902
4721 4721 4378
4550 455 4552
7388 1847 388
3255 651 478
7463 7463 5086
4482 4482 278
5840 365 3176
7932 2644 3084
3427 3427 4836
6469 6469 258
6674 3337 5654
8688 4344 6636
7432 3716 6388
3819 1273 6840
4664 2332 7824
8492 4246 1712
9898 9898 9028
3926 1963 1492
6306 6306 5560
5166 2583 7594
7900 790 2616
9628 4814 6978
5058 5058 1248
8710 4355 4812
6818 3409 5022
4622 4622 7320
8606 8606 7772
4338 4338 744
5440 5440 4766
5064 2532 2372
5566 242 9618
9288 387 7452
9369 9369 1126
9052 9052 9100
6561 6561 7172
8142 4071 558
6093 2031 9080
9880 4940 298
7333 7333 7288
6819 2273 7314
7971 7971 3376
7171 7171 2204
6179 6179 2776
9139 9139 4346
5654 514 746
8464 2116 5846
8314 4157 6146
6754 6754 8944
3164 3164 3860
8012 4006 9726
7262 7262 5856
9200 368 472
4130 4130 1084
1512 1512 3486
9002 9002 8310
9374 9374 4668
2782 1391 9220
6276 1046 5240
4314 719 884
7974 7974 4668
640 128 6100
1524 1524 4168
6980 6980 4558
9772 1396 8924
6461 6461 3900
5325 5325 110
6333 6333 9854
5759 5759 384
8302 8302 4070
2997 2997 820
8516 2129 5422
7790 7790 4910
7101 7101 4802
8404 8404 4848
4328 541 4444
822 274 3374
9708 9708 3562
9526 4763 7084
7777 7777 938
8381 8381 1492
9618 9618 2468
3772 3772 7948
2535 13 860
7660 7660 2120
6720 1344 6160
4659 4659 3902
7409 7409 9674
8700 8700 5392
9880 9880 9750
3689 3689 7328
7755 7755 2624
5115 5115 7310
7539 2513 7764
5474 5474 3280
8117 8117 3214
9410 9410 4594
9562 9562 8636
7640 3820 5436
7786 7786 9088
1846 923 4750
9249 9249 4220
9928 9928 4704
5908 5908 5198
8994 8994 7580
3149 3149 4234
4477 4477 3968
6207 2069 3866
8087 8087 7520
8723 8723 7174
8964 2988 7178
9738 4869 2992
9148 2287 1782
2373 339 2860
9788 9788 3390
8726 8726 1092
8666 4333 4424
9660 1380 4662
5148 1716 4716
4153 4153 4554
3281 3281 5816
9908 4954 438
8334 8334 5488
4572 508 8084
3081 3081 8126
6018 6018 3478
7524 7524 356
1618 1618 6880
4048 2024 5566
2664 666 6774
9802 9802 6830
6195 6195 8014
2178 2178 3128
7956 442 1966
2911 2911 5766
8187 8187 3824
2553 2553 9866
7112 7112 610
9610 4805 8004
3596 899 6254
6846 2282 8466
7298 7298 4812
9659 743 5360
7621 7621 6908
9966 4983 8668
5926 5926 4770
4216 2108 1620
5552 1388 9792
1915 1915 2090
2187 2187 704
5783 5783 568
8371 8371 8374
8349 8349 3644
2180 545 9252
9414 9414 5086
4970 2485 998
8304 2076 1300
7355 7355 8000
6613 6613 8692
7686 3843 4150
4614 4614 5388
8711 8711 3680
5075 5075 6418
6823 6823 1532
7280 1040 5036
8974 8974 1882
5752 1438 8924
7515 835 440
5146 5146 7326
5461 5461 6132
2986 2986 680
8730 8730 9018
8848 4424 2454
8096 8096 5506
9235 9235 7130
5919 1973 3046
8736 2912 9972
6563 6563 7128
6157 131 9162
5253 5253 3796
8944 8944 7226
8305 1661 3330
8636 8636 6042
4066 4066 4460
9405 3135 2440
9699 9699 1778
8779 8779 7072
6671 6671 4242
9864 9864 1578
5449 5449 3944
6958 6958 9508
6239 6239 8252
7365 7365 7954
9087 9087 5678
7774 7774 6914
6755 6755 9698
8832 4416 8618
4868 1217 6248
