2685 8
6984 2328 2386
4662 4662 6420
7117 7117 9102
2843 2843 8868
7980 3990 592
9562 9562 4534
7590 1265 3562
4160 4160 8814
9347 9347 8510
9792 4896 2874
6939 6939 5936
7514 3757 284
9792 3264 9958
7122 7122 1874
6922 6922 8268
6306 6306 2318
7161 7161 5942
6762 3381 7158
9901 9901 1470
6956 3478 6052
6456 3228 4024
8523 2841 6340
1645 1645 7524
6457 6457 5980
9196 9196 736
8668 8668 4078
7041 7041 28
3993 3993 3324
8450 8450 2624
8663 8663 5508
6933 6933 3460
9926 4963 3056
3616 3616 2646
642 642 4628
8116 4058 5762
3796 1898 450
8561 8561 2904
2526 842 6554
8299 8299 9350
7150 3575 7556
6775 6775 1580
8664 4332 6712
8643 8643 6140
8576 8576 6328
3829 3829 9832
2560 2560 3690
5400 1800 8600
8013 8013 7252
3465 3465 1178
5063 5063 306
6667 6667 7358
9635 9635 336
4331 4331 1498
6294 3147 2370
8863 8863 7436
6892 6892 7300
5238 582 4310
3066 1022 6712
6412 1603 7254
8424 936 1488
8623 8623 5938
5391 5391 9348
5416 5416 684
9400 9400 1118
6708 6708 1242
9111 9111 1714
7380 3690 556
6860 6860 2250
9457 9457 2200
8664 8664 4346
4776 4776 318
8235 2745 5350
6902 493 448
5325 5325 8194
5221 5221 1452
2214 2214 3266
9266 9266 8706
6184 3092 2760
9673 9673 564
8517 8517 8032
9261 9261 6512
3722 1861 2870
7304 3652 9118
6045 6045 6938
8845 305 664
5337 5337 4760
5635 5635 9500
5212 1303 416
9797 9797 6186
8372 8372 4266
3515 185 4732
7059 7059 6896
9748 9748 6656
5891 5891 7154
8690 8690 1482
7486 7486 774
5998 2999 9576
7630 7630 3286
6380 319 9732
3774 1258 500
9338 9338 5414
5507 5507 6494
992 496 6732
4042 4042 1916
3530 1765 3498
9625 1925 3338
9575 383 5764
3448 3448 4776
6745 6745 4986
3761 3761 1200
5857 5857 3504
8301 8301 7198
9159 9159 4466
3130 3130 6854
9999 303 7832
1029 343 5778
3338 1669 2898
2976 248 7316
2299 2299 3914
9021 3007 758
5485 5485 1770
8739 8739 2298
5183 5183 5402
8508 2836 6046
6086 6086 5454
1663 1663 3886
6083 6083 4062
7309 7309 6774
9230 4615 862
6600 6600 7680
5530 5530 7294
8724 8724 7800
5880 5880 6148
7170 7170 3766
9576 152 2620
6143 6143 6312
7142 7142 2654
8382 2794 508
5544 5544 7122
7910 7910 5266
9148 9148 4108
4366 4366 2134
9665 1933 510
9415 9415 6948
4248 4248 8384
6011 6011 2728
9762 9762 6810
7629 7629 1504
5760 5760 4430
6952 6952 5146
8361 8361 3506
1462 731 6766
5527 5527 5208
9632 4816 8800
8426 383 7096
6836 3418 3246
4899 4899 8996
8256 8256 3644
9834 3278 440
4012 4012 5656
7570 7570 358
8572 8572 1062
6366 6366 3040
926 926 80
9416 9416 9198
5203 5203 684
4528 4528 4216
7900 7900 5324
6939 6939 7856
9163 9163 3182
6254 6254 6858
9744 1392 1432
8459 8459 2242
5764 5764 7370
3545 3545 2136
4623 1541 1622
2928 488 8282
4754 4754 4300
9122 4561 2082
6692 1673 1380
6126 1021 2742
8590 859 3528
9412 9412 5732
8510 8510 8612
6980 6980 4414
8168 8168 476
9639 9639 3422
6999 2333 6328
7193 7193 1730
8848 8848 7180
8224 4112 1418
5840 8 7202
9110 4555 3288
7914 7914 106
6752 6752 354
1301 1301 7558
5113 5113 5280
4738 4738 2958
8778 1254 3302
3627 3627 5780
9022 9022 6220
9354 3118 1678
9318 3106 3226
8208 4104 1824
5112 5112 5254
8325 8325 1694
6733 6733 8126
5225 5225 486
6580 6580 5928
5212 2606 4284
6912 2304 7546
6796 6796 7756
8876 8876 3944
2592 2592 7770
5006 5006 1160
8398 4199 8342
9055 9055 6554
7812 2604 8638
8063 8063 490
9800 2450 5990
7003 7003 5386
7079 7079 8860
3868 3868 3016
5103 567 9916
2572 643 7438
9273 843 1584
7107 2369 5334
9894 9894 1024
9824 9824 6718
4702 4702 8894
2181 2181 2890
7168 7168 8278
7749 2583 2714
2572 643 2772
9894 4947 5428
6927 6927 332
6951 2317 214
9044 4522 6820
8673 8673 3414
9210 9210 8972
8734 8734 5512
7630 3815 8108
6591 6591 8306
8469 2823 8326
7990 170 6964
3068 1534 4008
7855 1571 1790
6576 1096 4874
6516 6516 9894
4482 4482 7560
7128 7128 9866
4286 4286 5040
9641 9641 1142
8368 4184 2528
6138 2046 4532
6810 6810 3474
6564 6564 5156
4795 4795 6394
6323 6323 102
3770 1885 6588
4810 4810 136
6530 1306 5796
4072 4072 6604
6709 6709 9980
3777 3777 8908
6412 6412 8948
9219 9219 5044
6060 1515 5748
7617 7617 6322
3615 1205 7252
8953 1279 6300
8101 8101 6836
3541 3541 9716
5616 5616 2902
3276 78 7450
5253 1751 6306
4144 2072 5714
9120 1520 8932
6555 2185 3448
5904 2952 6874
7756 7756 7902
3472 1736 3022
5075 5075 738
7842 3921 6650
7063 7063 3188
5580 2790 2174
6630 663 6078
6729 6729 8
8069 8069 1374
8877 807 7614
7203 7203 3776
3685 67 1826
6747 2249 396
8164 4082 5570
8970 1495 7462
8840 104 9084
2248 1124 8886
7597 7597 2892
6665 6665 9714
7972 3986 8788
2451 817 5476
9363 9363 6106
9388 4694 1080
5859 5859 9204
5312 5312 9596
5983 5983 2396
6585 2195 7748
1816 908 970
8772 2924 3760
5400 1800 2760
6988 6988 5282
4456 1114 1520
9165 1833 9966
7587 7587 1392
6216 777 3460
9696 4848 1848
5304 2652 7410
7731 7731 9588
8324 4162 7274
7896 2632 7920
6251 6251 5858
3855 3855 184
5903 5903 6682
6717 6717 1410
4067 4067 2706
4982 94 4744
5758 5758 5952
4154 2077 3122
7910 7910 126
7770 1110 6304
2493 2493 2634
8774 4387 4496
3161 3161 1508
8020 2005 1534
5803 5803 9780
9858 9858 134
8840 520 7994
9741 9741 1176
9018 4509 4918
9115 9115 1622
6202 6202 3998
7992 3996 4174
6737 6737 5722
5526 5526 8574
1710 95 7582
8120 8120 2738
5430 5430 5506
8823 8823 5266
9044 9044 7618
4959 4959 9936
5996 5996 3376
6120 6120 1854
2707 2707 5084
3916 3916 9638
9236 2309 970
6555 6555 5744
6283 6283 8738
1388 347 774
9270 9270 1178
5280 5280 772
5012 2506 884
7260 7260 6530
8136 4068 9848
8507 8507 9986
8655 8655 2052
9655 9655 3974
6970 6970 3350
9160 4580 8080
7145 7145 5896
6069 6069 5566
6358 6358 7896
4705 4705 4044
5301 5301 8354
6619 6619 3622
7824 7824 6906
7888 7888 7758
9436 2359 5396
9722 9722 7782
7000 1400 9288
8477 8477 5054
7272 7272 544
8813 8813 3364
4323 4323 2128
3234 1078 2048
9786 9786 4988
8574 4287 1600
8780 8780 7516
6423 6423 5466
1622 1622 5678
8325 333 7416
8241 8241 1806
8542 8542 1000
5871 5871 3820
8325 925 1916
1919 1919 8956
8709 8709 9722
5382 5382 1116
5906 5906 6694
3940 394 212
9430 9430 5174
8225 1645 2556
6496 6496 2248
5140 5140 9734
8309 8309 8008
7356 7356 9222
6394 6394 1778
7186 3593 642
4730 430 1348
1904 238 7252
7665 511 1684
9149 9149 5588
6119 6119 9140
5019 5019 9298
3230 190 5088
5123 5123 9742
4095 273 9674
8709 8709 1094
4736 4736 2380
7738 3869 3998
8916 743 4880
7884 3942 3190
8256 1376 5094
7113 7113 12
5088 5088 5190
5598 1866 174
8673 2891 5052
9668 9668 5582
5375 215 7796
7656 7656 8492
5034 5034 5364
4914 78 4800
6965 6965 1726
8390 8390 4510
7457 7457 7860
6253 6253 350
7318 7318 476
4896 4896 5142
1861 1861 4314
9639 9639 8584
6936 3468 9620
6228 6228 8920
5228 5228 9774
3874 1937 9902
7965 177 7366
7324 7324 7200
1464 732 4872
5577 39 6002
8322 4161 978
224 112 862
9700 1940 4892
8511 8511 2830
9845 1969 870
7524 7524 1676
7442 7442 6876
6899 6899 4958
4965 993 7996
9394 1342 4862
7085 7085 9858
9234 9234 3080
8421 2807 2334
4826 38 4064
7898 718 9218
2678 2678 3684
6183 6183 1840
8280 1380 526
5077 5077 5948
7207 7207 272
6057 673 2720
5565 5565 378
1701 1701 2116
9442 4721 9810
5833 5833 1962
1946 1946 9714
698 698 2444
7491 7491 4874
5531 5531 2642
5845 5845 1478
8397 2799 3744
6951 6951 9112
9567 9567 9432
6083 6083 8692
6560 6560 3890
5614 5614 8530
1216 304 7930
5371 5371 298
8433 2811 1770
8190 585 8670
6846 978 1022
9950 9950 3230
8140 8140 7794
8890 4445 1356
6618 6618 8152
9204 4602 592
9820 9820 8106
8113 8113 9462
5544 5544 9922
5358 282 1144
308 154 7040
1664 128 3456
7521 7521 8950
4328 4328 7502
4549 4549 9544
6402 582 4536
7796 3898 4284
7055 7055 2734
6879 6879 586
9070 907 2234
8340 8340 942
4968 4968 8976
7431 7431 4220
8867 8867 8682
8266 8266 5356
4834 4834 4624
4749 4749 5048
1583 1583 4276
9938 9938 8412
9036 1506 9520
6264 6264 2932
6578 6578 8318
2123 2123 898
6425 6425 1366
8262 8262 4672
6338 3169 8752
6209 6209 4760
8368 8368 8720
3507 3507 7416
7115 7115 1742
8032 2008 4962
6942 6942 6584
3945 3945 5104
1762 1762 6016
8170 8170 5294
9051 1293 4922
9938 4969 7302
9146 9146 7702
5304 5304 2514
4428 1476 4344
6970 3485 8828
7629 7629 242
8830 8830 5324
7633 7633 8116
5537 5537 4926
2145 429 1578
8301 8301 1792
7694 3847 8766
9528 397 4432
9759 9759 7864
1435 1435 5594
7101 7101 8002
2413 2413 4776
9336 9336 1152
5279 5279 4838
9635 9635 8334
9034 4517 5372
7292 7292 3858
7721 7721 8630
9482 9482 8692
8331 8331 8110
6237 891 758
5275 5275 6152
8902 4451 2880
6089 6089 1190
3960 220 8706
3565 155 6968
5904 2952 9478
4719 4719 6524
5576 2788 4182
4979 4979 3356
8407 8407 6766
5009 5009 6440
7174 7174 5572
3855 3855 8834
6727 6727 1518
7166 3583 1454
7895 1579 6800
6606 6606 2808
6239 6239 9992
7141 7141 6308
3672 3672 368
5099 5099 8980
9802 4901 3158
5488 5488 7626
7960 7960 9066
3954 3954 9834
8268 2067 6784
6528 6528 8288
2926 2926 7788
6305 6305 4458
6890 6890 3062
2358 786 8174
4693 4693 9000
3957 3957 3774
9909 9909 3410
9933 9933 1596
6313 6313 8318
8191 8191 3028
5095 5095 1868
6917 6917 9906
8268 2067 2832
6653 6653 5648
5116 5116 2690
1731 1731 3040
4765 4765 876
2060 5 190
7453 7453 752
6430 3215 2038
5067 5067 4398
3042 1521 5910
7872 2624 4802
9968 9968 3530
8544 8544 4674
4772 4772 5020
9452 9452 34
7148 7148 4780
8539 8539 6442
5555 5555 198
9194 9194 9794
7768 7768 968
5352 5352 2838
6212 6212 9384
5633 5633 2940
6929 6929 5004
7128 3564 1106
9970 9970 7186
5388 5388 696
9105 9105 4638
8284 2071 9494
7450 7450 5694
3042 1521 7064
8563 8563 9966
3910 391 1980
6460 6460 6490
6513 6513 3406
9534 9534 6838
8414 601 7790
8025 8025 7946
3022 1511 7688
8909 8909 7162
2950 2950 8716
4750 4750 3344
9545 9545 3086
2905 2905 2674
9006 9006 7868
9085 9085 4974
3441 3441 9904
6414 3207 8620
9212 9212 5006
9657 9657 9368
6980 6980 2330
5691 5691 9474
4886 698 8038
7467 7467 6198
2001 2001 1864
4447 4447 8382
8727 8727 3004
7773 7773 9376
2715 181 3276
6988 3494 470
9048 4524 3648
9828 234 242
5501 5501 5492
9467 9467 632
8394 8394 9610
7364 7364 9788
9540 45 3850
7330 7330 9564
4075 4075 2750
3662 3662 7586
8790 586 5698
6094 6094 6696
4296 4296 5968
5807 5807 7918
8260 4130 6412
8640 2160 4988
6624 3312 5554
6746 3373 6116
9402 1567 3264
8699 8699 4898
5016 1672 2942
3366 306 1994
559 559 1642
7482 2494 9868
5197 5197 1006
2266 1133 4888
9419 9419 592
1862 1862 5904
5839 5839 4778
5202 2601 8242
8432 4216 6456
6287 6287 4966
8834 631 2726
6072 6072 9500
5232 2616 1210
5556 5556 4350
7884 2628 6224
3930 655 6560
6844 3422 2028
9215 9215 4230
7005 2335 3432
6304 32 916
6336 792 5534
9372 9372 1146
5542 2771 7950
9104 9104 178
5577 429 3290
5840 5840 706
5611 5611 6852
4108 4108 8574
9588 3196 2674
4956 59 4970
9906 9906 1946
6999 6999 8794
2953 2953 1932
5307 5307 2974
8493 8493 3558
6998 6998 9874
3180 3180 6382
6364 6364 8998
7271 7271 8844
8886 2962 6184
7171 7171 1512
8618 8618 164
8776 4388 3486
828 414 7444
5789 5789 6668
9202 4601 3618
5250 5250 6866
8850 2950 3292
4369 257 1508
8669 8669 74
7544 3772 8320
6367 6367 8184
9810 981 328
3407 3407 4390
6887 6887 3292
9983 9983 6090
6949 6949 4054
6589 6589 4780
3379 3379 1474
7123 7123 8998
7558 3779 1438
6935 6935 1298
6678 6678 8642
4838 4838 6480
7512 7512 5218
5053 5053 6326
5833 5833 8568
6117 6117 472
8792 8792 6320
8130 1355 8288
6230 35 5438
3576 447 8168
8225 8225 1854
5190 5190 2856
8077 8077 5286
5668 5668 6532
6548 1637 7414
7297 7297 1676
5071 5071 7862
5453 779 7762
3809 3809 970
3844 3844 1246
4697 4697 2166
9833 9833 6996
5384 5384 2252
9018 4509 8312
2795 2795 8230
7334 3667 3452
5870 5870 9848
5007 5007 6448
5735 5735 4430
2434 2434 6238
2045 2045 2688
4275 4275 6226
6329 6329 9342
7290 3645 3618
8084 4042 4062
6660 2220 7592
9405 1881 1544
9471 9471 1116
6098 6098 3314
7810 7810 7632
7594 7594 7582
2461 2461 2860
8839 8839 7824
8666 8666 9722
7842 7842 1114
3542 3542 8566
5759 5759 9788
4823 4823 3336
6396 6396 2820
8508 8508 4654
6854 3427 3892
3938 3938 8674
7946 7946 1198
9938 4969 8806
7006 7006 4032
7968 7968 2906
5413 5413 616
6991 6991 9736
6258 149 1018
9233 9233 1484
9386 4693 9498
7938 2646 3648
7756 3878 7920
9704 4852 7946
8408 8408 8496
8459 8459 494
7624 3812 8762
7694 7694 3832
8170 8170 6514
3045 609 8936
3512 3512 9390
6644 6644 8058
9546 9546 522
7393 7393 4380
6483 6483 5762
3305 661 958
5224 5224 2026
6904 1726 6290
9912 4956 7708
2913 2913 5834
7765 7765 7904
3415 3415 5018
8518 8518 272
5691 5691 3488
5483 5483 5800
3762 99 4532
9513 9513 6156
9018 3006 3742
7329 7329 6612
6647 6647 2288
9961 9961 3522
9647 877 7768
7630 7630 3064
7892 7892 5298
3335 3335 7518
5811 5811 5270
3997 3997 5402
6977 6977 1822
6677 6677 9540
8069 8069 6670
9809 9809 8254
8535 2845 7062
8854 4427 9098
5655 5655 5370
6438 6438 3986
8067 2689 3202
8881 8881 2090
4118 4118 4518
5040 560 5794
5550 5550 5476
6368 398 6340
6660 3330 6236
4792 4792 9750
6826 3413 4018
5512 5512 8462
7855 1571 9860
8939 8939 5378
5132 5132 7670
7954 82 4638
5407 5407 8104
7383 7383 6212
6812 3406 7048
3491 3491 5802
8629 8629 3730
6498 6498 1032
4735 4735 2032
9216 2304 1298
6400 6400 4914
5638 5638 788
1788 894 6840
8445 8445 9328
5446 5446 3594
4502 2251 292
4022 4022 9184
7882 7882 3126
4388 1097 5246
7973 7973 1270
8876 317 3340
8871 8871 1362
7796 3898 6212
8355 8355 2540
9994 9994 9278
8178 2726 3960
6945 6945 9624
9160 1832 198
5820 1940 5864
1400 56 5970
7683 2561 2194
3186 3186 506
5395 5395 810
9107 1301 1664
7540 3770 6484
9030 9030 7088
6646 6646 4694
7651 7651 1422
7237 7237 992
6198 6198 1930
4766 4766 142
8237 8237 4586
7754 7754 4636
9502 4751 4262
6597 6597 9002
7385 7385 8214
6475 6475 7570
9826 9826 7492
2640 2640 7604
1680 1680 9122
9091 9091 260
5365 1073 7392
7488 624 6032
1928 1928 5820
5190 865 7348
6441 6441 2770
2543 2543 6842
7911 7911 1392
6800 6800 6652
1196 1196 7602
6964 6964 7118
7315 7315 4160
8224 8224 5754
3544 3544 6932
3206 3206 5426
2370 1185 3120
8111 8111 2154
4587 4587 2990
5188 5188 7466
4835 4835 9488
8625 8625 592
9152 9152 3326
8955 995 1370
7284 2428 6818
6458 6458 6888
7510 7510 7458
9152 1144 2448
3912 978 9860
9838 9838 1038
3675 15 2858
9553 9553 7088
9474 9474 8218
9357 3119 3216
6091 6091 9314
8397 8397 4408
2618 2618 2386
7636 3818 7468
6069 867 5988
3835 3835 4542
7354 7354 9222
3664 3664 2926
4679 4679 4218
9806 9806 2046
5007 5007 1624
564 188 9422
8531 8531 2594
3252 813 5762
2756 2756 3000
6365 6365 3202
8456 8456 1778
2584 2584 2210
9366 1561 7050
5547 5547 4304
6005 6005 1354
8275 8275 4168
7260 2420 9074
6854 3427 8230
2605 2605 4732
3456 1728 7582
8616 8616 4886
9138 9138 8614
6526 6526 256
4914 4914 2936
993 993 4330
8294 4147 8568
6806 6806 5440
9069 9069 7564
6084 6084 3344
9916 9916 4538
9132 4566 170
5161 5161 3968
9867 9867 8132
5973 5973 8952
7134 7134 3466
7602 7602 830
7886 3943 7744
8765 8765 2956
9279 3093 5684
2863 2863 3368
6300 700 4934
5500 5500 2410
6451 6451 8910
3995 3995 6008
8023 8023 4756
5765 5765 4912
5677 5677 670
6120 6120 5084
8177 8177 6664
4669 4669 9230
2470 2470 8194
8780 439 6994
6070 3035 5380
4404 2202 2402
4202 4202 8340
7801 7801 8428
5211 5211 258
3450 3450 9230
3346 3346 50
5030 5030 7990
6826 3413 4484
7993 7993 6246
9886 9886 1574
2688 2688 1730
9444 3148 7016
6908 6908 2468
3869 3869 6936
6076 6076 9816
9849 1407 7392
7236 7236 2178
9553 9553 4186
7637 7637 3478
6656 6656 7530
5652 5652 3340
4032 4032 8338
3741 3741 6424
8554 8554 3330
6493 6493 7262
6888 6888 6162
5793 5793 5382
3156 1578 3624
8560 8560 5106
7512 3756 8578
6416 6416 2132
8514 8514 4902
9312 1164 322
8854 8854 3938
9110 9110 6010
6168 6168 2886
4239 4239 2720
7284 3642 3588
5901 5901 940
8862 4431 8054
3927 1309 2716
9356 9356 2246
8461 8461 3764
4586 4586 854
9813 3271 1852
9815 1963 2298
9129 3043 862
5336 1334 2066
2077 2077 8078
5653 5653 5092
6882 3441 7458
3684 3684 4384
8988 2996 848
4450 4450 3650
7941 7941 4206
3848 1924 1832
9087 9087 8174
6286 6286 4242
6190 6190 7896
4098 4098 3212
4365 1455 526
5367 5367 6446
8154 4077 1064
8680 1736 8908
2919 2919 1352
6636 6636 7040
4256 4256 7318
8342 4171 6224
9766 4883 2222
8440 1688 174
7866 7866 9756
4372 1093 7752
9424 4712 6254
5003 5003 4934
9795 9795 8046
5618 5618 1454
9349 9349 5306
5560 5560 4882
5506 5506 3126
921 921 4710
8428 8428 9322
9312 4656 562
4637 4637 7238
7878 7878 8166
8836 8836 7114
8151 8151 3724
5724 5724 62
7491 7491 6332
983 983 4096
4995 4995 5242
5826 2913 2716
6692 6692 4914
7145 7145 9786
4040 1010 7298
5114 5114 732
7790 7790 9416
5651 5651 6420
3934 1967 9376
7836 2612 8280
6963 6963 6252
4343 4343 5042
6393 6393 8372
9918 261 3450
2870 2870 1778
7889 7889 4696
8661 8661 3318
2902 1451 7966
3192 1596 5520
9926 9926 5174
8582 8582 7380
5172 2586 3466
5510 5510 2624
7579 7579 3226
6792 6792 2556
4800 2400 8400
8126 4063 956
6825 6825 9596
5992 5992 4254
5103 5103 4424
9850 9850 1740
3810 1270 748
6694 6694 8276
7185 2395 3996
8857 8857 3228
8755 8755 1238
5343 1781 6458
8629 8629 5140
2028 1014 2720
3373 3373 2960
6944 6944 7740
4048 2024 4888
9528 2382 7024
9028 9028 2912
9240 3080 5712
4178 4178 4106
8520 8520 8384
9407 9407 9320
5747 5747 1282
6676 6676 4732
9441 1049 3528
4711 4711 7310
5876 2938 6932
9040 9040 7960
6505 1301 4826
2985 995 7664
6605 6605 2710
6365 6365 3054
6639 6639 4750
7276 214 6612
9384 1564 6368
7520 7520 5776
4112 1028 6710
3942 3942 2160
9752 53 1378
7348 3674 2636
5826 2913 7752
7427 7427 2312
6219 6219 8824
9492 9492 602
3933 3933 8978
8886 4443 3874
4630 2315 8750
8458 4229 3208
4461 4461 5212
8954 8954 2594
9310 490 6978
7986 1331 9086
7634 7634 9662
6327 6327 9878
9315 1863 1370
5394 2697 5220
5762 2881 4066
5025 5025 3410
5799 5799 700
5442 5442 9210
6400 6400 4876
6462 6462 2738
7967 7967 1522
8348 8348 6506
7204 7204 6058
6040 6040 6834
6036 1509 3170
7430 7430 3056
7407 7407 2450
7646 7646 702
9523 9523 8718
5515 1103 3466
6643 511 1636
5268 2634 650
4807 4807 6030
6429 6429 4996
3933 3933 5190
5958 5958 7814
6936 6936 80
5273 5273 6712
5576 697 3084
2566 2566 8490
6504 1084 8114
2760 40 5062
1080 1080 1316
6631 6631 5734
2136 712 2120
9462 3154 5396
9858 318 1964
9607 9607 7466
8472 8472 3118
5843 5843 6524
2076 1038 4078
5342 2671 146
9373 1339 7880
5719 5719 336
9294 4647 6390
5394 5394 1828
9825 655 7544
2125 2125 3318
7282 3641 9800
7218 1203 28
5526 921 8332
6513 6513 2948
3969 1323 3140
7576 1894 6
8647 8647 5118
9340 9340 6208
1879 1879 6148
3058 1529 5462
5849 5849 8524
5561 5561 3332
1539 513 6050
3180 3180 6118
7154 3577 8412
2136 2136 594
2010 2010 848
9962 9962 3780
9751 9751 4374
5474 782 1450
9133 9133 6574
4293 4293 8656
2414 142 3034
8545 8545 1124
2718 2718 9422
8542 8542 3884
5693 5693 2674
7888 3944 1206
9232 4616 610
1012 506 2292
3283 3283 5774
8334 8334 8678
8257 8257 7740
5296 5296 9006
7800 3900 724
9872 1234 3662
5450 5450 7078
1724 1724 3488
9258 1543 5978
6964 6964 5400
9363 3121 3276
6825 2275 6362
5644 5644 7376
6918 2306 3578
6893 6893 2568
5136 1712 5902
8921 8921 18
6023 6023 7458
6343 6343 7550
9680 440 3336
5619 5619 4896
8286 1381 9114
2583 861 8426
5928 5928 2824
180 60 2226
1170 117 7024
7850 3925 100
9607 9607 9688
8055 8055 6996
6254 6254 6532
7111 7111 8238
7760 776 5502
6023 6023 6692
8860 4430 824
5312 332 5262
3368 3368 6896
4204 4204 906
4744 1186 7834
5721 5721 6
8196 4098 7684
7703 7703 1306
7280 7280 3596
9663 3221 2650
9914 9914 8546
7804 1951 1544
9337 9337 8332
5710 5710 6796
5761 5761 1108
1341 1341 2898
9431 9431 1810
7449 2483 1822
3864 1288 974
9275 9275 8550
4046 238 5186
5027 5027 7534
9969 9969 1148
5910 5910 4600
8460 423 9526
2579 2579 8648
5526 5526 1156
7090 7090 4464
7065 7065 2598
3596 3596 2078
9272 9272 4496
2188 2188 8092
7166 7166 4578
4574 4574 2316
8348 4174 4768
6822 6822 4070
9100 2275 6768
7034 7034 4194
7741 7741 6228
9076 9076 4822
7692 7692 2066
7494 2498 6482
8152 8152 4650
7177 7177 1744
2016 2016 8814
6768 3384 4008
9948 2487 7632
8397 2799 60
5391 5391 2368
3148 3148 2980
6395 6395 8948
7775 7775 1392
7153 7153 450
1744 872 5894
3546 3546 2200
5748 5748 6524
4830 2415 3726
8142 2714 1014
7179 7179 9720
9617 9617 7682
5742 5742 4364
9620 9620 9098
3532 3532 1898
6789 6789 9204
6395 6395 572
5185 5185 4038
3212 3212 7250
8144 8144 5172
7237 7237 760
9796 9796 2144
1141 163 7958
5420 5420 6462
4656 1164 2424
5013 5013 2386
6207 6207 4038
9060 906 8020
7562 7562 3344
5951 5951 3680
6121 6121 2086
8466 8466 6728
8934 8934 7250
8414 4207 7978
9422 9422 7500
4960 10 1956
4584 4584 1824
5687 5687 2160
8430 562 5518
5780 289 3874
4029 4029 486
5634 2817 3210
9801 9801 448
3748 3748 9226
5800 5800 8670
7403 7403 2818
4229 4229 2802
8512 8512 3922
5358 5358 3860
8272 8272 4882
5377 5377 6288
5846 2923 7154
5967 5967 5290
5545 5545 304
3798 3798 7966
6116 6116 5184
6001 6001 6152
4470 447 7214
3719 3719 6552
8121 8121 8462
9582 9582 6950
8190 1638 8258
6999 6999 8558
7814 7814 9472
6731 6731 2832
4406 4406 3952
6773 6773 9308
3844 3844 6084
5428 5428 5790
7292 7292 7850
9075 9075 2642
8437 649 4462
9624 1203 8708
2862 477 4792
7477 7477 6004
8958 1493 1774
5722 5722 9930
5359 5359 8872
7598 7598 6358
3344 1672 3104
8973 8973 2394
7386 3693 5614
9008 9008 2708
7098 546 2312
8222 8222 9678
4230 846 6258
5750 5750 7776
8625 8625 7592
7274 3637 6530
5756 1439 6372
9413 9413 2708
6057 6057 8920
8946 1491 5880
8159 8159 8464
9975 9975 8834
9857 9857 280
4678 4678 9816
2210 2210 5972
9133 9133 5236
5620 5620 1920
8305 8305 9776
5203 5203 7526
7516 7516 2424
4498 2249 2596
6179 6179 3678
5811 5811 4824
4446 494 9932
7064 7064 810
1418 1418 7146
8457 8457 5072
7896 7896 5674
5894 2947 1502
8162 8162 2204
7592 7592 5650
2800 2800 1868
8512 8512 1160
2174 1087 5354
1800 900 6236
9562 9562 4994
10000 10000 3228
6773 6773 1536
8063 8063 5966
6631 6631 166
5234 2617 7650
6273 6273 1590
9848 9848 6736
7660 3830 9748
7430 7430 4364
7542 7542 3036
8801 8801 6170
9545 23 4664
3552 3552 2756
4556 2278 6838
2144 536 5572
7307 7307 9180
6460 6460 3980
2443 2443 6270
2452 613 7322
6864 528 1678
6105 6105 9912
8138 8138 3104
4525 4525 9556
4600 920 8178
5998 2999 2846
7089 7089 240
7509 2503 8612
8952 1492 914
8718 8718 2640
8279 8279 3410
7872 492 2148
8797 8797 4754
3628 3628 5442
9385 9385 276
5284 2642 5836
3498 1749 8670
8702 8702 4126
6879 2293 7600
6146 3073 2184
5021 5021 3522
5578 5578 1468
5807 5807 2880
8462 8462 3858
5294 2647 6104
7279 7279 1748
3598 3598 6268
8743 8743 9518
9378 3126 1180
7719 7719 8088
1680 420 3372
9045 9045 4044
8064 288 708
3763 3763 7102
5903 5903 6622
8336 8336 4650
9162 4581 7168
4830 105 5144
9661 9661 9260
8343 8343 4412
7594 3797 6912
9502 9502 7256
5632 5632 5108
6766 3383 6040
7806 1301 1426
3627 3627 2714
5081 5081 9212
5872 5872 880
5032 5032 3264
6554 6554 4324
3679 3679 3698
6512 6512 1938
7825 313 4722
7610 7610 6964
9284 4642 6868
2290 458 5014
7315 7315 6158
9373 9373 6424
4095 819 1980
9291 9291 76
8602 8602 4756
5088 1696 5636
3589 3589 5964
9529 9529 2092
8601 8601 2642
9039 9039 4898
8410 8410 2452
6332 6332 8406
8547 2849 5928
8644 4322 4148
6320 6320 128
7283 7283 5164
9955 9955 9976
9759 9759 6000
5684 5684 3372
4408 2204 3546
7810 7810 2792
9071 9071 5738
3132 87 8286
8829 327 7188
3138 3138 2728
2838 946 1904
8196 4098 9892
9799 9799 8280
7336 7336 7964
7114 7114 9516
6996 6996 1432
6575 6575 5632
9130 4565 6724
7869 61 6310
7142 7142 3718
1958 979 8340
2947 2947 7040
2672 1336 3142
6599 6599 5802
8156 2039 3922
7769 7769 6744
5936 2968 8034
9460 1892 6210
9556 9556 7970
788 197 648
4265 4265 5330
9666 9666 8192
7724 7724 6958
6946 3473 1242
9539 9539 3246
8204 8204 5188
2694 2694 1332
7470 7470 6922
5672 5672 6356
5236 187 4896
4636 2318 4988
7007 7007 8740
5469 5469 8022
9837 9837 5944
9698 9698 9840
3696 3696 2802
3822 98 7862
7243 7243 200
7074 3537 8032
5383 5383 5462
6514 6514 2662
6744 3372 1960
7092 7092 946
3006 1503 2806
7859 7859 1958
7859 7859 8996
9337 9337 4042
8477 8477 130
5254 5254 1640
9836 4918 372
7962 7962 8510
9368 9368 9832
5317 5317 1230
7371 7371 1964
5701 5701 8368
6045 6045 4786
8766 8766 330
6920 6920 3194
2566 1283 4020
4178 4178 1452
5163 5163 6418
5414 5414 3728
8434 8434 6128
9750 9750 1636
6813 6813 1674
6425 257 1696
6404 3202 5710
1638 546 9858
7486 7486 2256
5718 1906 8586
2495 2495 3946
9585 9585 342
6992 3496 5850
8140 740 2570
5391 5391 4404
6359 6359 370
7696 1924 5254
9003 3001 664
5187 741 1668
9078 9078 2488
7768 971 4386
7617 7617 9282
3628 3628 8820
7084 7084 6038
8100 2700 2872
6291 6291 576
3103 3103 8834
9289 9289 180
3473 3473 3330
7099 7099 7024
7461 2487 2378
9485 9485 9590
9176 9176 1566
5521 5521 1446
9919 9919 454
9660 9660 7430
7632 1908 8628
2821 2821 9076
4361 4361 6406
5170 2585 482
5036 2518 6200
7668 71 6426
7690 7690 5106
4330 4330 5598
6131 6131 5596
8519 8519 6094
8466 8466 7852
8967 8967 3248
9222 4611 8504
6688 6688 1542
5711 5711 9748
5171 5171 5480
5104 5104 4296
9575 1915 3298
3452 3452 9752
6840 1710 274
4879 4879 6686
7838 7838 514
9240 9240 1052
5392 5392 9216
4671 4671 7040
4552 2276 6770
7143 7143 9846
7195 7195 8382
630 105 9180
8290 4145 1536
4219 4219 7380
5162 5162 1554
9630 4815 1756
8480 8480 674
7491 7491 3526
8080 1010 5602
8608 269 4482
8448 8448 7272
6946 6946 2792
6720 1120 4902
6837 6837 7442
7659 7659 9336
6298 6298 2496
9938 4969 8528
9030 1806 5672
8063 8063 8916
7268 7268 6338
4376 4376 768
891 81 9236
5390 2695 5256
8141 8141 34
9758 4879 6826
8507 8507 480
9072 9072 4582
7837 7837 1824
5487 5487 5692
6675 1335 5730
5780 5780 5772
8677 8677 128
8900 8900 9844
463 463 4560
2743 2743 1258
6244 6244 3374
9852 2463 8258
4154 134 7944
9240 2310 7834
7862 7862 9470
9897 9897 1598
6339 6339 9310
9930 3310 3626
6674 6674 9240
1599 1599 6276
6608 3304 4290
6290 6290 554
2447 2447 9860
3301 3301 5412
8619 8619 7668
5112 2556 6392
8629 8629 286
6428 6428 5956
6974 6974 2108
3779 3779 7916
9579 9579 1464
4795 685 5314
7568 3784 3296
9056 2264 4264
5604 5604 1396
8015 8015 9982
9385 9385 242
9475 379 902
7285 7285 2050
9796 4898 938
6172 1543 2328
6223 6223 1938
2345 469 8822
3038 1519 4902
5684 49 1986
8200 8200 7146
8826 8826 2080
6752 6752 5396
7768 3884 9126
9948 4974 7786
5066 5066 1970
6167 6167 3010
9981 9981 2688
8582 8582 1154
7422 1237 9990
3125 625 4650
5531 5531 740
7184 3592 1578
8460 4230 322
4929 1643 7560
7492 3746 564
6070 1214 8678
7161 7161 5784
7416 3708 6762
9622 4811 3354
3384 1692 5246
5750 1150 4128
2565 2565 2790
9391 9391 9666
7080 7080 264
5768 5768 8860
4790 4790 2992
6240 1040 424
5742 5742 5826
7359 7359 3818
3586 1793 3644
6243 6243 8260
9590 4795 5560
5970 5970 984
7688 3844 4182
8456 4228 3898
9910 4955 9966
6100 305 972
7674 7674 2366
4333 4333 1002
9714 9714 5666
5040 5040 1802
7631 7631 1000
9588 1598 9418
9868 2467 9258
5204 5204 8208
4044 1011 946
8881 8881 2222
7536 1884 136
8883 8883 3300
3658 3658 2784
6844 6844 3490
9128 9128 184
6658 6658 9030
9736 2434 9078
7921 7921 1860
7605 585 2462
5682 5682 7596
4567 4567 7226
8961 8961 1904
4056 2028 9626
5007 5007 5406
7084 7084 6746
9110 4555 7904
7384 7384 6374
7288 1822 1526
8340 2085 3748
7132 7132 9404
4816 2408 3386
9402 9402 4248
9174 4587 2058
5708 2854 4702
6138 6138 8762
5511 5511 3758
3054 3054 8552
9791 9791 1980
7579 7579 1480
6703 6703 3748
9748 2437 708
7310 7310 1560
4694 2347 5740
5049 187 4524
8696 1087 9268
6661 6661 1902
1154 1154 8662
7046 7046 3878
9633 9633 5516
595 595 3034
5955 5955 768
8883 8883 3910
9016 184 726
7218 7218 5026
9909 9909 2422
7103 7103 6240
6511 6511 6812
8675 8675 2844
5028 5028 8238
8238 8238 718
5996 5996 8614
6492 2164 2950
2602 2602 7766
9520 952 4094
4431 4431 7298
4151 4151 4896
9066 9066 3074
6596 6596 3416
6981 6981 3690
3200 3200 1016
8012 8012 5224
7476 1869 4266
6114 3057 1774
2001 2001 1276
5451 5451 1930
5976 2988 8058
5455 5455 1726
8384 8384 3130
6956 3478 7854
6085 6085 7866
1011 1011 6604
6912 6912 2792
2463 2463 1722
9197 9197 3090
5478 1826 22
7731 7731 6560
4632 1544 498
6491 6491 4854
9289 9289 542
9619 9619 9552
5557 5557 1706
7144 7144 8036
8574 8574 7872
5269 5269 9566
8756 4378 4146
8459 8459 1748
1506 1506 5092
9196 4598 4216
9012 9012 4482
8330 85 6902
5847 1949 2690
7768 3884 5896
8816 4408 498
8129 8129 7012
3768 3768 6154
2694 898 202
9190 9190 7060
7285 7285 1088
4774 4774 5268
5769 5769 2674
4524 348 564
8304 8304 2398
9990 9990 9148
7830 3915 6512
3538 1769 9918
6301 6301 7760
3491 3491 3910
9870 235 3888
6971 6971 1732
5912 5912 3718
3255 1085 9574
7792 1948 4550
727 727 9256
9535 1907 8976
9359 9359 6946
8930 8930 7504
9408 3136 8004
3770 3770 9570
6620 662 3812
5865 345 6730
5060 2530 1056
7569 7569 8064
7306 7306 8996
9204 9204 5790
7716 7716 5360
3960 792 8044
9654 9654 9370
4522 4522 4534
7447 7447 8082
3708 1236 766
6796 6796 9340
8514 1419 6108
6824 6824 1888
3294 1647 7412
3964 1982 2806
5858 5858 7860
8716 8716 8154
5032 5032 3980
3168 3168 9706
4290 1430 9718
9062 9062 2790
5514 5514 5362
8224 8224 9678
9576 4788 8382
5180 1036 9602
9397 9397 6628
8439 2813 4022
7446 3723 60
8922 8922 4988
6818 974 4050
5241 5241 7288
5531 5531 1058
7005 1401 54
7754 7754 7776
7576 7576 9586
8950 8950 2666
6000 6000 768
5226 5226 3910
8149 8149 1576
5225 5225 2932
7734 7734 5346
8312 8312 2652
3024 3024 3036
9762 3254 9212
7396 7396 340
5224 5224 5684
6608 944 8814
6240 1560 2020
2081 2081 3450
4253 4253 7464
7138 3569 2550
9176 4588 4754
9785 9785 8568
9232 2308 2690
9414 9414 7900
9423 9423 3704
6138 6138 1316
1829 1829 198
5614 401 2726
4226 4226 4464
8936 8936 3876
5049 5049 5226
8813 8813 7238
4672 4672 6228
8828 8828 3044
3167 3167 9888
4363 4363 990
9931 9931 3826
9786 233 5540
7909 7909 9748
5967 1989 5630
5180 5180 1658
5030 5030 4434
2910 2910 3390
9280 1160 9400
6308 6308 5710
6036 6036 9390
5930 5930 4506
6820 3410 5072
9816 4908 3922
7687 7687 7062
7533 7533 7124
7700 700 1324
9216 512 2878
6374 6374 3642
3083 3083 1892
4831 4831 7532
7662 3831 2692
9499 9499 4524
7361 7361 7884
9591 9591 8992
6569 6569 2458
3990 399 4966
8936 8936 3864
9921 9921 7372
7910 1582 2374
4682 2341 5382
9408 1176 8438
8641 8641 5982
7012 7012 9750
7128 3564 8884
1545 1545 9242
4824 804 2682
4386 2193 5970
3254 3254 2088
6930 6930 2148
8568 952 6682
5530 2765 9200
6287 6287 9922
6574 3287 6916
1633 1633 796
8052 8052 8302
4369 4369 6256
5980 130 4792
7783 7783 7286
6240 6240 6352
7216 1804 3238
6014 6014 8866
6316 6316 7894
3828 1276 7032
5006 5006 3154
9920 124 2854
3238 3238 7642
8427 8427 1636
7791 1113 7258
4573 4573 9610
1978 1978 6324
4374 4374 3052
7137 549 9554
6810 6810 1524
7047 783 4410
9644 4822 8588
7216 3608 3274
4228 2114 4996
4827 4827 5608
4210 4210 9886
7613 7613 8676
9303 9303 9860
5154 5154 1768
5054 5054 5272
4758 2379 2358
8260 8260 9784
4590 765 9542
7402 3701 4130
7817 7817 5210
9666 4833 6652
9933 3311 1858
4364 2182 3662
3733 3733 4122
9174 9174 4788
5572 1393 9220
7373 7373 278
9432 2358 2028
9449 9449 8026
7728 322 6808
9361 9361 9398
7216 7216 9090
6446 6446 650
5812 5812 3144
9084 9084 2488
5241 5241 7460
435 435 4538
9756 9756 9468
7092 2364 3920
4613 4613 4824
8705 8705 4062
7212 3606 9732
1427 1427 9896
6714 6714 180
8744 8744 6734
8656 8656 9124
3385 3385 8462
7150 325 1482
4777 4777 6172
9367 9367 3696
7658 7658 3702
2521 2521 1592
8065 1613 6604
9574 4787 7654
8784 8784 3558
5790 2895 9228
8446 8446 5850
8594 4297 6946
4041 4041 4612
4410 4410 3422
9700 2425 386
7404 7404 3210
9846 9846 4552
7830 7830 4074
666 222 706
9264 4632 6624
1472 92 8066
5888 5888 1238
2564 1282 5492
7876 7876 1662
6004 3002 5282
8553 8553 9296
6467 6467 8296
4610 4610 8382
3132 3132 9302
7238 7238 1094
7078 3539 6284
5124 2562 9962
5789 5789 4508
6484 6484 4816
5507 5507 8516
1760 1760 9050
3001 3001 464
9830 1966 7302
2848 1424 1984
5030 2515 516
9519 9519 238
7666 7666 9634
5514 2757 4860
9714 4857 3116
8595 8595 1568
9576 1368 4994
7862 7862 1354
7906 3953 456
9946 9946 7714
9349 9349 1082
9826 4913 3976
2198 2198 9552
4200 525 9166
3650 3650 9000
7939 7939 2584
7058 7058 9700
6112 764 1256
7134 3567 32
7306 3653 7288
7991 7991 1348
6110 6110 702
8247 8247 4846
5146 5146 9752
9170 9170 1554
9959 9959 2814
4184 4184 4854
8901 8901 9036
7876 179 578
4900 2450 3952
9601 9601 4606
3237 1079 5422
8853 681 5520
6699 6699 1054
6910 6910 4600
5338 5338 7050
2244 1122 2484
6199 6199 9220
5139 5139 6364
7868 7868 2820
4539 4539 1878
4601 4601 5320
7804 7804 6066
3483 3483 4658
6474 6474 8782
3905 3905 1498
8185 8185 8118
8194 8194 7630
9662 9662 812
5075 5075 2986
6566 469 6242
6888 2296 2796
3936 1312 2306
5633 5633 248
6883 6883 574
7930 7930 8094
8532 2844 2918
7794 2598 764
2878 1439 1222
8593 8593 9564
7878 303 8508
6988 6988 6454
3759 1253 2014
3278 3278 1008
2792 2792 7124
5443 5443 1894
6918 3459 3578
8664 1444 8448
7147 7147 7754
5913 1971 4202
6491 6491 8186
5414 2707 1140
8544 8544 5290
1794 598 5876
5608 5608 5780
4908 4908 4664
4885 4885 6562
3894 3894 4458
3095 3095 2228
2901 2901 3496
3991 3991 1832
9313 9313 5842
5320 5320 6918
8185 8185 8760
8653 8653 5216
4899 4899 5794
9242 4621 5560
9062 9062 6876
8447 8447 4262
7078 7078 6498
6460 1615 5382
8313 2771 1880
7457 7457 4428
9317 9317 256
6321 6321 9608
6550 3275 5650
5780 1445 46
3488 218 9554
6793 6793 7536
9882 3294 2174
6440 6440 7132
6774 6774 7586
5839 5839 8244
7956 7956 9918
8996 8996 3946
9924 2481 8154
3366 1122 4066
4236 4236 5530
6105 555 9278
5405 5405 3138
5830 5830 820
9266 4633 5052
8184 2046 6264
8648 8648 7400
9383 9383 4220
6259 6259 9856
3364 3364 6854
7984 3992 3476
9570 4785 5650
8804 2201 4208
8312 4156 1978
6112 3056 8238
7320 1830 462
7011 7011 2600
5132 2566 1798
3770 3770 3618
1829 1829 3466
8297 8297 3978
9894 9894 1812
5391 5391 2530
4328 4328 8828
5333 5333 6896
8609 8609 9304
7634 7634 3118
9245 9245 5354
1494 747 2602
8344 8344 8144
7249 7249 6452
8253 8253 8972
7425 7425 5840
1533 1533 2408
4066 4066 2724
3764 941 8806
6076 6076 482
6564 2188 7800
9374 9374 3048
7635 2545 8402
5352 2676 3896
8789 799 396
8938 8938 3456
5407 5407 3884
7599 7599 264
4964 1241 2332
6820 682 8198
2952 984 3236
9667 9667 3894
4311 1437 5700
6603 2201 8988
5272 5272 3650
7514 7514 2702
4881 4881 4276
2832 1416 5234
5028 2514 9982
4257 4257 1436
1540 308 6692
3672 153 3592
5672 2836 4194
4874 4874 3248
2968 2968 7402
4590 765 1186
9817 9817 2262
7043 7043 7038
5610 2805 1400
1058 1058 3676
7245 1449 3968
747 249 8352
6722 6722 7480
5634 2817 7128
4839 4839 898
4179 4179 8424
1040 1040 9364
7816 3908 4176
8195 8195 218
5184 2592 8338
9007 9007 1338
5583 5583 4400
7701 2567 8632
6954 6954 3496
8020 8020 8930
5371 5371 7302
9132 9132 1550
6924 6924 1948
8846 8846 2136
7239 7239 9178
9675 9675 2666
4969 4969 4254
5763 5763 6762
1594 797 4256
2744 686 3428
7511 7511 8948
5809 5809 1200
5893 5893 8490
1526 1526 8132
9840 9840 3558
8871 8871 286
3486 1743 5872
8484 8484 9558
7737 7737 9284
3623 3623 44
3938 3938 6842
9843 3281 9222
5782 2891 8448
9222 4611 2888
9552 4776 7608
8100 4050 8256
9397 9397 9306
1192 8 8600
3133 3133 5772
5937 5937 9010
4422 4422 9002
7459 7459 9716
7073 7073 4230
8032 1004 8234
3406 3406 552
9582 9582 1664
6806 6806 5602
7260 1815 1630
7529 7529 5766
8445 8445 316
9021 9021 5030
7704 856 9732
3528 3528 4142
4621 4621 5824
8459 8459 1418
9292 2323 5992
6174 6174 2676
5838 5838 5238
5190 1730 2340
7287 7287 7160
7788 2596 5466
6762 966 6964
6036 2012 250
5849 5849 4042
3156 3156 6670
7976 3988 898
5072 2536 1270
8700 4350 3516
2922 2922 7494
9130 9130 220
9594 9594 6524
9266 9266 278
7439 7439 4464
8024 8024 8742
6404 6404 3158
2338 2338 9602
9070 9070 1692
4552 2276 5620
8600 8600 1244
6530 3265 2314
4736 4736 8192
4302 478 3304
5151 5151 1882
8160 8160 3920
5500 1100 2848
7134 3567 236
5642 5642 4012
6556 6556 7872
7980 2660 1832
9627 3209 6758
6294 6294 184
1785 85 2650
7278 3639 584
7291 7291 7064
7670 3835 1630
9928 9928 4362
9282 546 3404
5634 5634 6060
5510 551 1764
6367 6367 7416
6530 6530 4344
5350 2675 930
2865 955 7544
8728 8728 1776
8255 8255 5904
2734 1367 8626
9968 9968 2544
8655 8655 8566
5924 5924 3582
2244 2244 8252
7180 1795 1006
9474 9474 2614
9431 9431 9340
2562 854 4992
4256 4256 3652
6646 6646 548
7378 7378 1378
9142 4571 3276
9542 9542 2228
9672 3224 352
6098 6098 5544
4366 4366 4430
8728 4364 7748
2630 1315 4008
5991 5991 8114
6576 6576 8336
4088 1022 364
5580 2790 6650
1897 1897 8182
6618 3309 646
8640 2880 1196
5627 331 6842
8264 8264 1644
6254 6254 2354
8147 8147 7976
7305 7305 4564
8796 4398 402
7419 2473 2634
7039 7039 146
9773 9773 2952
1978 1978 5600
7171 7171 1616
7798 7798 2308
2374 2374 5484
8038 4019 262
8791 8791 7160
7319 7319 8138
7832 3916 7552
7103 7103 7954
8212 2053 8288
4850 4850 8906
4009 4009 130
5672 2836 216
8541 8541 9096
8718 4359 1020
8584 4292 9696
9030 9030 4564
7195 7195 640
9345 9345 6654
7456 7456 1358
6154 6154 9700
9475 9475 7500
6548 3274 5410
7966 7966 4908
8939 8939 7364
6870 6870 8368
2943 981 7238
5827 5827 3816
7146 2382 194
6228 1038 6456
5181 5181 506
1017 339 8604
3664 3664 2048
9270 3090 7986
8818 4409 2884
4298 2149 4036
7812 7812 3440
8400 8400 6160
3300 550 7724
2656 2656 7940
9514 9514 428
9757 9757 8350
3552 3552 7700
7263 7263 8474
5298 5298 6826
6208 6208 4252
7379 7379 448
9860 4930 1846
9570 4785 1292
9796 9796 8258
6506 6506 3500
9259 9259 9844
7049 7049 6536
4076 2038 9646
6124 6124 8216
5231 5231 6160
9315 9315 8278
6017 6017 3642
9834 9834 2408
4305 205 8728
6438 6438 8898
5233 5233 2002
8080 4040 2220
8801 8801 7634
615 615 2180
7191 2397 1730
7380 1845 8916
9083 9083 3542
6093 6093 3174
5329 5329 3472
9538 4769 3834
7422 2474 9842
8307 2769 690
3646 1823 6856
6104 1526 8950
5496 916 764
5675 5675 3336
8960 1792 3980
9371 9371 5606
9610 4805 5180
3043 3043 4778
6590 6590 9732
8653 8653 2246
1480 185 3682
3930 1310 3604
9065 259 8856
980 980 520
6278 6278 2442
4952 4952 8276
6134 3067 5384
8978 4489 1938
6800 1360 2420
7436 3718 1752
8960 8960 4094
6610 6610 1964
9609 9609 7882
3623 3623 1586
2995 2995 5060
5354 2677 38
4586 4586 2278
5022 162 9744
1218 609 960
7928 7928 9938
8731 8731 8108
5702 5702 4638
5863 5863 204
5652 942 8926
8944 4472 8678
5920 5920 8522
6825 6825 7494
5965 5965 1048
6328 6328 9270
9394 4697 2474
7290 7290 9812
801 267 1896
9554 4777 7034
7603 7603 2458
5154 5154 4170
3013 3013 9556
7011 7011 2544
5346 891 4602
7761 2587 7178
8444 2111 8158
3453 1151 2738
8068 8068 8458
6921 6921 2418
7017 7017 9854
9674 9674 3650
5190 1730 290
9414 9414 4820
9614 9614 3750
9048 9048 1510
6561 2187 6152
9792 9792 2246
6427 6427 124
6443 6443 8500
8492 4246 4050
4223 103 1352
1344 672 7996
8294 8294 9596
9684 9684 5090
8048 4024 9244
8750 350 2014
8461 8461 8422
9021 9021 8968
8214 8214 7050
1941 1941 5852
6113 6113 5148
5607 5607 9842
7840 7840 262
4672 2336 718
5503 5503 2988
1948 1948 4430
8464 4232 2714
8656 8656 9948
6112 6112 746
8099 8099 6816
10000 1000 1382
2330 2330 8174
7582 7582 4292
8648 8648 8670
6289 331 5472
4168 4168 5996
6619 6619 5930
5184 5184 6970
6785 6785 4456
7282 3641 9634
7552 7552 1442
4854 809 1072
2815 2815 1196
4429 4429 8118
9110 9110 8850
6374 6374 6644
4673 4673 7094
2475 825 3860
3134 1567 4276
9738 4869 5506
8052 8052 2720
4511 4511 7650
9896 9896 1250
3922 1961 48
8254 8254 6298
897 299 7556
1915 1915 5580
5033 5033 6784
7063 7063 2936
6040 1510 1628
7252 3626 1350
8687 8687 6552
4172 4172 8590
4409 4409 66
8797 8797 252
6825 6825 1232
5852 5852 5086
6205 6205 8890
7190 3595 6716
3551 3551 2888
8449 8449 5788
7648 7648 40
7284 7284 9896
2525 2525 1746
9842 4921 4990
4391 4391 3422
7638 7638 9030
6672 6672 2202
7760 3880 5178
8059 8059 336
9000 4500 8714
8068 8068 4626
4784 4784 7974
5002 5002 6218
3965 3965 7514
6673 6673 8582
4734 4734 4218
5472 304 8186
7570 3785 5568
7580 1516 1862
764 764 5030
6902 6902 846
8614 8614 2806
5273 5273 2988
8565 8565 4624
9787 9787 9144
8444 8444 9540
7724 3862 7298
3116 1558 7186
7508 1877 1504
7043 7043 5574
9300 9300 848
5066 5066 6084
9242 9242 3046
3809 3809 6914
8928 2232 938
7649 7649 8704
4869 4869 7128
6150 3075 3370
2823 2823 9674
8064 252 9116
7946 7946 8078
9692 2423 4222
7217 7217 9852
8325 2775 840
6566 469 814
8188 8188 3432
8080 404 9164
3076 3076 340
8081 8081 9444
5618 2809 5746
8048 4024 2174
