1117 6
9202 4601 1376
9410 4705 710
8542 8542 3144
9208 9208 1578
1550 310 680
6798 6798 1686
9919 9919 2568
7460 7460 7750
9174 9174 5522
9395 9395 8874
6997 6997 3740
7406 3703 9706
7072 3536 9202
4135 4135 3266
468 156 4808
8583 2861 9236
7335 7335 6562
5315 5315 6194
5033 5033 7166
6754 307 7498
2170 2170 866
8042 8042 120
9946 9946 9150
4182 1394 3090
9652 4826 6338
6650 6650 9850
1954 1954 6274
2704 26 2666
7722 7722 2240
9388 9388 9488
5599 5599 6550
8278 8278 9416
5930 5930 3666
9843 9843 5892
7990 7990 7658
6695 6695 7766
1971 1971 6798
5513 5513 6704
7023 7023 494
9530 9530 9432
3646 3646 7504
5719 5719 4958
6755 6755 3602
2820 2820 8548
6132 438 4436
8724 8724 9710
3482 3482 4840
3376 3376 1952
2228 2228 8508
4527 4527 4162
5353 5353 7734
4636 2318 7142
6151 6151 3396
4039 4039 1510
2799 311 9224
8372 8372 8500
6852 2284 3398
9421 9421 7126
6286 3143 6568
7242 7242 2750
5910 1970 4126
8180 4090 4198
7136 7136 9774
3989 3989 6326
9555 9555 8592
7083 7083 3986
9392 9392 3772
6218 3109 4602
8794 4397 7408
5283 5283 6326
3760 3760 6238
4899 1633 1490
5288 5288 2986
6988 6988 6708
6090 3045 3628
1942 971 8922
2056 2056 4546
5289 5289 4022
6010 3005 5702
9342 9342 3270
7770 3885 8432
7510 7510 2300
8340 8340 3680
5387 5387 3456
7010 7010 3404
9105 1821 7000
6982 3491 7084
9144 9144 9918
6414 3207 8466
7124 7124 2236
8448 4224 8562
5617 5617 7386
9367 9367 9672
6851 403 4928
9174 9174 66
7645 7645 9614
6268 6268 4178
8118 369 7480
9944 8 144
2794 2794 3284
8912 2228 1126
5782 2891 4564
9276 773 2460
4591 4591 4130
4213 383 1998
6186 3093 196
6574 3287 8594
3552 1776 3672
9924 4962 6362
4854 2427 7032
6823 6823 8084
6750 3375 3278
5582 5582 2004
7574 1082 9900
7173 7173 8838
7261 7261 5928
7065 7065 7556
9556 9556 9510
8944 8944 6140
3024 756 958
8088 8088 8152
8728 8728 1464
7600 3800 5348
5223 5223 8848
3497 3497 3240
6884 3442 9468
6326 6326 4566
5879 5879 4968
7515 1503 4482
7209 7209 5828
8548 4274 5314
7814 7814 4608
6632 6632 3534
7384 7384 8264
7381 7381 1314
8312 8312 1588
9448 9448 3608
8867 8867 7242
6304 6304 4246
8279 8279 1778
8340 1668 3738
6461 6461 5256
9552 1194 3848
8220 8220 5554
5837 5837 5264
1802 1802 1816
9405 1881 9600
2715 905 8620
7421 7421 1198
7685 1537 4486
8289 8289 2180
6866 3433 6378
9588 2397 2904
6024 1506 1202
2990 2990 8342
9726 9726 4594
9577 9577 4554
5525 5525 2008
9472 4736 8692
7554 7554 7024
6090 870 6918
8384 2096 4256
7324 7324 6158
7091 7091 388
9038 9038 1026
7303 7303 1966
8867 8867 436
8817 8817 5324
1600 1600 1876
7731 7731 7904
7743 7743 3452
1706 853 5516
6555 6555 2032
9079 9079 9556
9692 9692 6552
7268 3634 3896
4488 4488 3276
7400 7400 1242
6466 6466 7998
8296 8296 1810
9736 9736 7812
6096 1016 8908
4526 4526 8012
5850 130 5694
9776 9776 5964
4131 1377 3636
6862 3431 1524
8744 2186 2946
9592 9592 2934
8231 8231 1988
5159 5159 9884
6696 6696 4400
8622 8622 7794
5702 5702 8652
6321 6321 4072
2918 1459 7012
6835 6835 2864
1786 893 5774
2451 2451 9070
6209 6209 666
2236 1118 482
7794 2598 1486
6162 6162 2076
5253 5253 4546
6858 6858 1774
9148 4574 2890
7214 7214 9070
8250 4125 8046
9308 4654 6920
7555 7555 74
4281 1427 5772
6715 6715 8798
8386 8386 3430
6634 6634 7842
5284 5284 4670
8525 8525 1072
6283 6283 3040
7266 346 4540
8303 8303 3202
7810 1562 7824
5061 5061 4586
9039 3013 6266
5568 5568 2648
5129 5129 7828
9058 7 8064
6401 6401 5600
1498 1498 8452
7776 7776 8738
6985 6985 8724
8850 2950 7304
4207 4207 7932
6476 3238 3614
7968 3984 482
9675 1075 9020
8983 8983 878
3336 278 32
7382 7382 7138
5979 5979 2338
6415 6415 5246
5088 1272 344
5355 1785 48
3680 736 1544
9123 3041 2360
9107 9107 5112
7639 7639 5338
6674 6674 4670
1148 82 1472
4529 4529 2654
3522 3522 6612
4778 4778 3030
8454 8454 9394
1610 1610 3938
9125 9125 9604
5088 5088 8584
9765 9765 1290
7186 7186 7570
9280 4640 6994
4200 840 432
7175 7175 1526
6114 2038 2222
6157 6157 9770
1126 563 2694
5014 2507 9570
7764 2588 7922
9954 1422 4582
8062 8062 2320
7734 3867 4814
6212 1553 8330
7355 7355 2290
6808 1702 3734
2031 2031 4442
9896 4948 7114
7872 1312 488
6406 6406 6460
9939 9939 5108
5072 1268 2858
4842 4842 7168
8904 8904 8930
8698 8698 5420
9334 4667 3936
6916 988 2236
8530 8530 4042
9743 9743 62
4068 4068 5862
9390 4695 2272
9232 9232 5286
7952 7952 9742
9526 4763 3480
2750 2750 6620
4756 2378 8266
6580 6580 4764
5118 1706 9120
6643 6643 6922
7726 3863 3202
2960 2960 6836
5004 2502 2876
6112 382 4394
5955 5955 16
2974 2974 1050
8356 8356 3922
5113 5113 9634
7000 7000 4306
5398 5398 8148
5113 5113 7272
8842 8842 1294
7958 7958 3836
1509 503 2466
6876 764 202
4641 1547 1358
7945 7945 7834
7007 7007 4708
3922 3922 8506
5319 1773 1604
8576 4288 3242
8396 4198 8704
6552 117 7812
9992 9992 4282
4777 4777 5602
5934 5934 3952
8151 429 4972
5909 5909 8210
9534 9534 114
7688 7688 4300
7151 7151 390
8667 2889 4968
5724 5724 7904
2136 1068 6438
9435 51 7054
2291 2291 6978
6051 2017 7110
2035 407 9988
8656 2164 8580
5361 5361 4734
7368 3684 8408
5690 5690 1554
9180 9180 30
9760 2440 8326
7451 7451 6618
5256 5256 2496
2486 2486 6444
8397 8397 464
4282 4282 4076
7746 2582 8932
5000 1000 5386
9387 9387 5592
3423 3423 4292
5535 5535 1944
8304 4152 9356
6563 6563 2620
6912 6912 9380
7651 7651 80
2261 2261 2694
6640 6640 7488
6667 6667 750
8850 8850 2612
8796 4398 8380
9097 9097 1058
2540 2540 8272
9242 9242 1204
9168 3056 3654
8776 2194 1652
7060 3530 5756
8654 8654 6646
5720 5720 2850
8737 8737 4770
7505 7505 4096
9861 9861 9676
8111 8111 7214
5467 5467 146
4315 4315 7790
9864 1233 6480
9094 4547 9726
5175 5175 2606
6614 6614 8154
9779 9779 572
8783 8783 9896
7959 7959 7616
7312 7312 438
9276 773 478
8187 8187 5202
7088 3544 7782
6970 3485 9596
7895 7895 2934
9006 9006 212
1558 779 3816
8502 4251 2236
6659 6659 80
7279 7279 6978
6366 6366 948
8673 8673 4840
8600 8600 9758
7968 3984 5060
2328 2328 4772
2231 2231 7140
7817 7817 3838
8855 8855 6362
962 962 8132
4872 4872 828
4728 2364 2722
1629 181 8966
7137 7137 1340
7167 7167 4334
9738 9738 1378
7968 996 6686
4344 724 5402
8756 2189 9840
8552 4276 7192
7043 7043 9228
3644 3644 2050
7596 7596 5560
5267 5267 9468
3568 3568 5988
7107 7107 1042
6484 3242 7814
1920 1920 7740
1294 647 982
8830 8830 4214
8280 8280 6986
4635 927 6904
8847 8847 6022
6738 3369 5216
6940 1735 7464
9028 4514 8654
5146 5146 9040
4192 4192 9484
6708 1118 3354
4364 4364 4138
1470 735 4976
6530 1306 96
6135 6135 8396
6350 6350 8512
8146 4073 2412
7187 7187 496
6428 6428 4182
5613 5613 1472
7464 2488 6912
6988 6988 3430
6814 6814 1276
5904 2952 738
7990 7990 8392
8861 8861 8468
9813 9813 3960
8953 8953 6362
5835 5835 8804
5367 5367 5336
5814 5814 4126
7990 7990 4212
3418 3418 2560
7946 3973 3166
6933 6933 8670
6023 6023 9198
9635 9635 8042
8126 8126 360
7740 7740 8258
7451 7451 1200
9259 9259 4218
8562 4281 7380
9136 4568 7106
6738 3369 578
6445 6445 6948
5121 5121 4498
5685 1895 5944
7840 1120 354
7373 7373 5238
6255 6255 2516
5918 5918 5550
8283 8283 4370
7349 7349 6152
7733 7733 522
2476 2476 8690
8192 8192 1762
6526 3263 1732
7332 2444 1442
709 709 4934
6300 1260 2970
6656 208 592
8761 8761 3898
6086 6086 9644
5872 5872 1750
7572 7572 4062
1732 433 8792
5348 2674 9400
7127 7127 5820
8477 1211 2160
5930 5930 7506
6500 3250 1386
4008 4008 5594
7970 7970 7584
9417 9417 7214
5683 5683 6190
6325 6325 5510
5695 5695 2424
5847 1949 860
7400 7400 5848
9402 4701 6384
8814 8814 6800
8628 1438 7838
8510 370 8064
8650 8650 498
8695 8695 4310
5668 436 2864
8428 2107 8224
4878 2439 3962
5057 5057 2502
9486 1054 540
4675 935 2480
6516 6516 9632
7083 7083 7544
9178 9178 660
8034 8034 7390
3692 3692 8484
6850 3425 1168
8255 8255 7872
366 366 7562
9975 1995 8684
6656 3328 382
5349 1783 4446
6834 6834 9968
7368 7368 7068
4128 4128 52
4711 4711 9952
8615 8615 338
3311 3311 4714
7119 7119 5700
3412 1706 7426
9812 9812 7054
9581 9581 8046
8421 2807 2920
7870 3935 6116
9624 9624 9282
562 562 7540
3736 467 8008
3949 3949 4866
7100 7100 6258
8599 8599 9614
4840 2420 3066
8873 8873 4712
9322 9322 980
6942 3471 2608
8329 8329 9560
9256 89 908
9683 9683 2924
7415 1483 2862
6640 1660 5538
4070 4070 9928
9226 9226 5072
9855 1095 9170
1559 1559 4668
2989 2989 7188
9761 9761 8000
9250 4625 3636
7519 7519 4624
6400 6400 7628
1878 939 6112
7773 7773 5076
8112 2704 3438
9878 9878 362
3540 1180 3048
2095 2095 8536
9707 9707 9934
9348 9348 3320
6944 992 7212
5061 5061 4208
9639 9639 520
8604 2868 1490
8640 4320 2278
9450 1350 1380
7311 7311 4536
6751 6751 3716
9088 9088 3026
3967 3967 8974
5326 5326 5896
7895 1579 8696
9590 9590 1428
8324 4162 1394
8225 1645 9826
5164 5164 9144
5895 655 3458
2606 2606 7612
2597 2597 4346
7611 7611 8306
7734 7734 234
6639 6639 2792
397 397 9016
7063 7063 2994
5823 5823 1974
3265 3265 8554
5718 2859 5150
8646 1441 6424
2677 2677 1932
8514 8514 5422
2817 939 268
7885 7885 1848
8274 591 330
5370 1074 6710
2056 2056 1746
7077 7077 4158
8907 8907 8152
5470 5470 5414
6970 6970 3720
3423 1141 5700
8441 8441 5120
6723 6723 1522
5837 5837 350
1902 1902 1574
9280 1856 9382
3631 3631 8258
1022 1022 4342
9311 9311 4524
7492 7492 5146
7743 2581 1738
6356 6356 8366
5939 5939 9438
7137 7137 1988
6795 2265 9266
6699 957 1846
8480 1060 6796
6566 6566 5318
9784 9784 1624
8084 4042 2324
9522 9522 192
8646 1441 6506
5554 5554 3056
7150 7150 9754
9749 9749 4210
5108 5108 2998
7182 2394 80
1912 478 1746
8880 1110 5316
2446 2446 832
5520 1380 4162
5056 2528 64
9708 3236 8442
7854 7854 4218
8015 8015 7610
7107 7107 9706
5592 2796 9876
8508 8508 3388
3640 280 6384
7128 2376 892
5820 2910 5850
8280 920 3270
6824 3412 9736
9964 9964 146
6906 3453 3406
7746 3873 740
3333 101 5714
9141 9141 9416
8136 1356 526
8621 8621 1626
7253 7253 4068
8120 1624 9486
7258 7258 5710
3331 3331 8616
8188 8188 4720
7270 3635 7428
9728 9728 5416
2917 2917 8258
9072 756 2718
5615 5615 6508
4584 24 3110
5050 5050 3028
5526 2763 3230
7044 7044 9722
7326 7326 5640
7458 7458 4518
6194 3097 6472
928 464 7818
3792 3792 2336
8264 1033 96
9800 9800 6572
9880 4940 8334
9428 2357 212
9842 703 8196
4154 4154 4064
8768 4384 7252
8218 8218 9786
6212 3106 4012
9024 3008 1886
6952 6952 6918
7276 7276 9630
9417 9417 9438
5760 5760 1678
3332 3332 7638
8990 290 2444
8425 8425 2426
8425 8425 7938
4225 845 9682
9191 9191 5452
5698 5698 3048
7874 3937 7412
6302 274 4988
9193 9193 4770
7378 3689 5088
4352 4352 560
2308 2308 3132
8254 8254 9220
9354 4677 7502
5453 779 9712
5895 5895 1012
8699 8699 106
9199 9199 4650
3024 112 6904
2014 53 1752
6536 3268 6168
6320 395 6130
8348 8348 718
4230 94 9388
8512 8512 1102
3010 430 1272
7890 3945 1762
9948 9948 8216
8990 4495 1682
9387 3129 8088
5015 295 4878
5564 5564 2744
3544 3544 3076
6386 3193 6764
7243 7243 2720
8312 1039 3624
4964 4964 8952
9962 9962 3706
7975 7975 9866
3488 3488 7052
5549 5549 2422
9375 3125 6360
4516 4516 9694
5745 383 4046
9040 4520 5904
8459 8459 482
7544 7544 4572
9993 9993 8254
7802 7802 9872
8700 60 3730
9234 9234 7910
5170 5170 1330
7909 7909 4058
9726 9726 8960
9919 1417 8302
7752 7752 1384
5890 310 3820
4824 1206 9206
2090 1045 3056
1764 882 8390
6636 6636 434
2916 729 3180
5888 5888 6734
9714 9714 4664
3960 22 1660
4301 4301 7336
8114 8114 3972
8730 8730 4132
5260 1052 8488
8166 1361 1892
9045 9045 9660
5832 5832 1808
6092 1523 830
8505 1701 4976
8272 8272 5138
9450 3150 8998
6237 6237 6876
8096 4048 9246
9546 3182 8556
8096 8096 6834
7632 7632 6022
8559 8559 2392
9993 3331 7370
7080 7080 5010
8942 4471 7348
3433 3433 3596
6119 6119 8650
7711 7711 9542
4740 2370 1262
7518 1253 6500
2288 1144 6696
9430 9430 3250
9174 3058 7942
3560 3560 5246
8521 8521 5584
2394 1197 9362
9043 9043 3614
1222 611 8742
5044 2522 4462
8094 8094 6982
6784 6784 7170
6954 6954 8070
7224 7224 3930
8086 8086 4800
4815 4815 5334
6392 799 2552
9806 9806 8366
2484 276 9798
3233 3233 6024
3862 3862 354
8777 8777 1012
6679 6679 4774
3856 3856 6342
4432 4432 6062
9347 9347 4758
5677 5677 9352
9840 820 9722
2763 2763 5446
7875 7875 9166
9736 4868 4144
6580 6580 7304
6585 2195 7592
6248 3124 4852
7698 3849 7140
7132 1783 328
8411 8411 4536
8438 8438 9152
9762 9762 7882
2314 1157 9566
8672 4336 6478
6835 6835 4882
4330 4330 2242
5075 5075 2124
5607 5607 6302
5973 5973 7640
9798 4899 772
9064 2266 8914
4754 4754 3816
7036 3518 4654
4990 4990 1152
6264 348 2706
7077 2359 5612
4779 531 1164
6016 6016 5478
9269 9269 5680
5851 5851 4392
5585 5585 6726
9183 9183 4692
9664 1208 4766
4434 4434 7466
2611 2611 70
5367 5367 888
7565 1513 3332
2828 707 7862
3138 3138 6370
9030 3010 6726
5137 5137 7728
7107 7107 1524
7638 2546 7604
9630 9630 2656
4085 4085 2090
7796 7796 9298
8448 2816 2504
5693 5693 7204
5736 478 3796
1980 660 7080
4662 4662 6914
6290 3145 8838
8628 4314 6000
642 2 3852
5808 1452 9882
9649 9649 2052
6626 6626 8942
1770 885 2016
6820 3410 4532
6823 6823 1212
7130 115 4760
1270 1270 8620
5358 5358 5212
5069 5069 4798
9680 2420 5496
2984 1492 9564
6142 6142 5104
4578 2289 4
6270 1254 2946
6514 6514 3050
9554 4777 3822
7484 1871 6806
1826 913 4600
8835 2945 5560
9536 9536 8622
5575 5575 6306
9573 3 9856
4548 4548 6382
7899 7899 2462
1600 400 9306
9217 9217 5500
6778 6778 3478
6899 6899 9788
6015 2005 5504
8394 8394 5120
5247 477 4270
6570 6570 128
7008 7008 7676
6840 114 3154
5006 5006 542
2590 185 1526
8275 8275 2062
6000 6000 3804
7702 7702 1396
5676 1892 5762
6376 6376 898
9950 9950 4148
8072 4036 1556
4071 4071 7304
6340 3170 5462
8608 4304 6118
7466 7466 4358
8805 8805 9114
6131 6131 678
8087 8087 4120
3037 3037 9646
5875 5875 5198
8488 4244 4826
6957 6957 4306
9736 4868 2552
9640 9640 7056
9900 9900 5072
5682 5682 204
4248 531 6858
3057 3057 2032
7127 7127 3404
5316 5316 6414
5432 2716 2744
6636 6636 1800
6940 694 2924
5106 5106 8272
9841 9841 8590
5651 5651 7244
9790 9790 456
8442 4221 8236
6740 3370 3812
8978 8978 6524
7445 7445 8446
8119 8119 5098
9900 198 952
7530 7530 5644
9079 9079 2352
6750 6750 4766
4299 4299 7294
8360 2090 2504
8085 8085 4020
6320 6320 2468
6680 3340 4668
3876 3876 4598
5256 1752 8864
3120 260 594
5152 1288 6456
8659 8659 9220
6805 6805 8866
7136 7136 3054
5978 2989 1898
9949 9949 9846
7436 143 6666
3019 3019 9410
6336 6336 1652
5199 5199 366
5430 2715 6312
9124 9124 5460
9263 9263 374
8470 4235 6514
9090 4545 866
8590 8590 6848
9818 4909 126
6474 6474 8622
1943 1943 5204
7094 3547 638
2500 2500 380
9985 1997 7796
3948 658 6264
6095 265 9404
6520 1630 9254
9506 4753 4080
2673 2673 360
2241 2241 7572
6894 6894 9582
5635 5635 5416
7691 7691 9346
4255 4255 5654
8952 8952 6742
9596 9596 6924
9198 4599 4928
6975 6975 3316
7697 7697 4930
9050 9050 5444
4725 4725 4912
8663 8663 8198
6742 3371 5018
3906 1953 7476
7153 7153 3182
6919 629 9960
5581 5581 2726
3935 3935 3140
7375 7375 2020
9306 9306 4970
7816 3908 8574
6132 438 6668
4666 2333 8898
7953 7953 6726
6358 6358 5550
4881 1627 4776
7524 7524 6360
3537 393 9486
4959 4959 2030
4121 4121 686
9292 9292 2816
4842 2421 9570
6225 6225 5784
5230 2615 7582
5846 5846 484
4506 2253 3414
9590 9590 6438
5480 5480 3266
8373 8373 3222
6986 6986 2434
7429 7429 8524
5071 5071 3370
9788 9788 7178
8188 4094 4670
5245 1049 1288
7991 7991 9036
9292 9292 6032
5541 5541 4822
7797 7797 1770
6872 6872 1746
2325 2325 6374
6219 6219 3238
5383 5383 1296
9448 9448 8182
4908 4908 7510
7944 3972 2434
1246 1246 1708
9758 1394 7016
8450 8450 9510
9900 150 4816
8158 8158 3632
7230 7230 1782
5026 2513 8280
9105 9105 3648
3783 3783 2272
2195 2195 9484
8229 2743 6866
6678 6678 7118
3487 3487 9964
4016 4016 1868
6285 6285 8210
8708 4354 1178
1324 331 2148
2140 2140 8996
9681 9681 9512
5585 5585 7212
2615 2615 7612
5966 5966 1418
5973 5973 5344
8064 2016 8712
9897 9897 4346
8316 154 2652
9309 9309 6628
8034 8034 8590
9858 9858 2810
9889 9889 9274
8131 8131 9764
8347 8347 3008
6840 6840 8502
9206 4603 3394
5196 1299 6826
7818 3909 1724
7253 7253 1774
8376 2792 6846
5260 5260 2316
7794 2598 9776
8277 2759 9504
9001 9001 7088
9173 9173 7546
4572 4572 4812
6022 6022 618
5152 1288 500
9603 291 4686
5192 2596 2362
6855 6855 3772
9015 3005 5200
9724 4862 2482
7822 7822 1548
6710 3355 392
8354 4177 8152
5611 5611 8082
3879 1293 5528
912 76 7718
4841 4841 1154
6238 3119 692
7589 7589 2872
5668 2834 1600
8105 1621 4980
9502 9502 9118
4352 1088 4664
7468 3734 1756
9073 9073 1254
2981 2981 8548
4348 2174 9546
9139 9139 7988
3480 3480 6772
4843 4843 9260
7630 7630 1314
7299 2433 9156
8101 8101 8708
4080 510 1070
7083 7083 7358
7808 7808 608
8025 535 1936
4510 4510 6792
8743 8743 3968
7046 3523 6042
3609 3609 7510
8253 8253 9816
5230 1046 9760
5339 5339 5872
7194 7194 8808
6801 6801 9976
7123 7123 2030
9786 9786 4722
4681 4681 1868
5294 5294 4694
9948 4974 8094
