44
9984.7479 0.2177
9970.3491 0.0393
9650.1244 0.0163
7989.0938 0.0006
446.1900 0.0024
317.8547 0.0073
180.7754 0.0405
37.9304 0.1862
27.1639 0.3105
24.7589 0.4121
0.6718 2.0540
0.0322 3.8908
0.0024 946.9965
0.0002 3022.5051
0.0018 8058.6307
0.0068 9464.6205
0.0125 9731.6651
0.0207 9804.2823
0.0839 9919.4944
0.1471 9937.3613
0.3535 9960.6949
0.8078 9983.7908
0.9871 9990.5118
2.1565 9998.0753
8.6741 9999.2798
24.5567 9999.6599
55.7884 9999.9733
495.9560 9999.9979
4483.4806 9999.9999
6582.0009 9999.9993
8722.1504 9999.9956
8827.4872 9999.9925
9517.4045 9999.9315
9938.8080 9999.8500
9975.8493 9999.6506
9985.2860 9999.5244
9999.3637 9997.6015
9999.9955 9898.4818
9999.9998 5932.7384
9999.9957 886.7262
9999.9872 553.5684
9999.9692 83.2931
9999.9458 8.8863
9997.4049 3.3022
