37
1909.7756 0.0187
613.0983 0.1196
279.6656 0.3519
92.7513 1.0461
49.4032 1.2935
5.6935 2.3255
0.9221 44.6310
0.0962 289.0722
0.0086 480.3783
0.0019 4316.2589
0.0311 7220.4088
0.0484 8629.5180
0.1072 9070.4334
0.4268 9709.5738
1.5080 9828.7804
3.3757 9934.8452
5.3784 9997.4695
18.7525 9998.5020
24.5843 9998.7363
109.2135 9999.9952
2083.1870 9999.9969
9576.0871 9999.9839
9890.3288 9999.9746
9921.7288 9999.3729
9999.3679 9995.0572
9999.9137 9795.3454
9999.9911 9608.1577
9999.9532 2451.4964
9999.9102 1535.2570
9999.8583 853.4672
9998.6649 73.5856
9997.3731 44.3178
9996.1800 24.0142
9990.7204 1.5891
9893.3178 0.6598
8997.8151 0.0623
3572.2398 0.0172
