8098 1876 965
181343 2724 1631
90953 1862 5823
530829 3862 6193
923025 4648 4282
61034 2121 4783
914726 3306 6204
831086 5882 5945
660959 3376 5192
489187 4478 6886
821896 2141 2284
111905 1144 5471
827196 2122 738
480906 5781 3722
501505 4984 1781
504587 850 4668
376617 3243 69
501841 4781 205
999357 5363 1550
391324 5457 1393
575217 3782 8073
896356 4176 6478
778797 3280 1114
780256 7938 263
530193 1104 5655
194402 3478 4721
531866 5437 283
34759 623 2472
730007 6744 2723
817175 3536 6081
702549 2402 1308
643083 6753 4770
669642 6647 5898
403909 96 4318
693572 2322 3850
130968 1466 5100
366119 5250 4190
658074 5064 5265
380369 5837 204
484390 7380 6644
244968 7975 5042
268919 6023 6907
43422 2882 6519
826022 818 2726
366275 6946 5248
321351 3364 6410
647337 584 2157
784200 941 7930
163386 4072 4638
920178 6126 3299
735987 1257 6758
247170 7941 2271
356470 5753 3874
194129 5219 4038
955588 6156 3438
699253 6650 5141
146454 5393 7473
705755 1337 7944
240994 2300 4248
802525 6838 7054
542434 5291 5146
910831 3224 4723
65796 4796 5637
226920 706 6020
633990 669 7551
160772 5519 1553
619535 853 3509
995569 624 6937
87843 7027 5616
362279 1712 5193
636678 3969 5869
315397 4937 3683
780117 5554 2698
354146 7522 2616
760171 673 4401
855665 7660 4581
377468 3105 3020
268783 4038 3241
398209 5481 6086
540232 7865 1674
346925 1040 5074
833512 4863 3966
825901 2909 1571
779131 4715 3760
334058 6961 5172
951277 334 4244
599185 2831 3796
385517 2912 3500
535493 935 8059
673327 3168 6426
475573 2498 5298
184010 1587 189
715622 4111 4805
72535 7286 6806
624507 1694 866
901305 5061 2100
549433 2891 6684
803672 3139 2357
597082 2034 4869
861066 1193 513
681039 5199 2202
466193 2099 1232
71113 6890 4757
275794 3054 653
581874 2892 6708
36359 6502 2149
104620 4917 6877
444512 7787 5977
330977 3731 5167
238564 3432 5851
954049 8016 4776
589656 879 4369
401012 8066 680
648158 6579 3968
699005 2981 1178
660422 5962 18
148198 1220 229
870062 7025 6088
294970 2701 7634
734798 5411 4565
303763 4548 3480
824921 3366 2411
700685 7433 4912
398224 3821 1107
923248 4348 6180
714904 2789 3705
97180 338 4595
433355 1543 888
183097 6403 2545
879602 3086 6006
910321 5624 2913
891676 7796 7631
596133 704 81
17232 7513 6643
82601 6181 7946
989338 5289 2357
741346 1361 2707
159768 5763 3591
486670 4359 4868
889990 5456 2654
168142 5060 7934
385669 2477 7087
461259 4623 3478
976458 6372 2967
14950 4455 395
28797 3447 1925
411079 1075 6103
159092 7002 7160
58666 8013 4322
379962 7583 3217
496644 6077 5179
297911 2990 3392
51152 342 1788
489480 7217 7598
753859 7866 5301
782986 4338 315
460239 6898 724
799973 561 3227
52708 2678 8033
905429 2770 2635
305505 5300 1746
31718 1727 866
578551 6751 2754
532996 3428 6981
288511 7456 860
445474 3498 1927
327848 3975 4556
543810 7633 4688
293964 3941 5056
489921 4194 4511
843166 3246 4789
685949 5750 7757
60413 2171 1400
570606 5374 2218
777346 5530 660
806190 4238 7867
44933 1142 7949
231318 1100 5615
246499 3659 46
880602 2091 6889
355046 8077 1078
835245 3486 1279
38026 7971 5298
62552 664 4925
209991 3751 3564
124972 5810 2031
481368 767 7324
75354 550 477
771926 2145 6267
757651 2095 6923
721771 4347 7348
326157 2090 7987
902957 1773 1614
767649 7697 3169
652134 511 2310
290446 4313 5776
791867 6183 4794
12512 6094 7445
979530 2468 1540
291517 4507 2209
341315 3987 431
501490 6459 4630
727366 345 1221
417156 3104 1499
921516 5551 5180
427814 1694 3296
222945 6716 5526
497272 706 1117
528387 181 451
78536 1390 3932
852072 4016 3184
537211 268 1633
978357 265 8097
337076 7402 2939
19329 18 5279
757834 3843 7859
205027 1643 647
293063 4106 1292
701882 1765 1700
912080 1863 4449
318824 697 6654
718140 6812 2697
416947 7024 5802
183498 6078 6100
124780 678 874
383025 1481 3110
757058 6755 450
339593 5339 5356
430003 6945 4767
292338 5023 7409
809854 4340 1338
514339 6770 3337
17299 6655 1469
791065 4897 6076
431464 1261 614
239639 5580 4370
496499 6759 2445
526527 5555 7266
745505 1728 7512
580000 6730 7977
848015 7409 4769
99316 4422 6287
886989 1644 2911
707161 2236 6850
19774 1880 3253
109733 4235 6735
92126 3957 7465
177689 5630 4968
873067 739 2546
182702 3857 350
840799 565 6668
50315 3130 3532
647948 5702 5490
692115 987 204
390593 5079 2310
94860 2590 4228
843031 1415 3356
248110 4577 1321
544755 5363 4447
937097 6216 4849
813294 4545 2368
398019 1951 2852
888669 6913 1974
380760 7560 5187
971974 2004 6057
895323 7777 4248
822395 1327 2964
46726 6616 3441
999796 570 6536
89297 5030 4294
96563 4267 7056
619718 709 1244
73949 4046 7161
173511 6992 7613
270560 7778 3704
343096 5553 3192
497007 3525 2128
614729 2133 2251
305268 6748 2896
440317 1891 3015
574626 6260 1322
845001 2565 1712
119318 4650 802
150040 7624 5247
348984 6744 1844
970362 1116 4908
601573 2023 3054
623138 8086 8075
486262 6035 3058
806751 2961 7092
653834 6359 4167
317095 1642 348
122456 1649 6163
962502 5433 7046
921315 778 6265
477448 1545 5136
471953 6300 1159
875909 2518 2911
984139 2036 7750
322493 2037 5247
676684 3969 994
750470 6704 2540
924333 2484 7980
855693 5512 3414
587895 3591 7544
784862 2 3915
200643 472 7288
474013 5083 7061
834325 4876 627
586747 1011 4357
273806 2938 3491
370466 3863 728
647127 5000 7285
794099 7524 5576
955138 582 2302
389598 7905 2960
646996 3396 3451
849956 6581 2352
990533 7910 1787
400451 2258 3973
613883 1700 2520
711167 2298 6416
52643 2075 8021
457274 2310 7808
793122 2426 7602
593619 3339 6673
242844 880 2123
175598 993 4915
799285 343 1295
115240 5659 2200
66207 7375 5597
19252 1679 6013
205300 2830 1505
198165 3501 3523
781559 2327 7915
909276 4164 7492
451711 5731 3631
204218 1599 4881
301373 3494 6783
449318 4938 4660
605949 6201 7001
750858 6579 5450
987514 7068 3938
448886 514 5645
797106 5975 2724
885955 191 1336
697613 4709 5653
752 3585 3855
615960 6883 4591
120184 5999 1027
368654 5574 1245
793494 7094 2758
374634 3397 3396
290671 1852 4554
303281 3218 843
661449 4786 2403
663814 719 5247
111836 1866 1772
313180 5877 5377
748006 1419 7386
388518 3309 355
523834 6896 7649
957706 5411 6077
471259 5019 3367
552674 5433 898
586147 2927 4669
708602 26 4416
873042 3875 7235
988337 1702 1227
426221 4898 2874
96655 5965 5476
269876 1542 88
343509 2764 6720
449888 6404 6636
615375 4046 725
93725 2733 5300
21715 1267 666
11989 1175 2507
493669 4396 4304
837627 1866 5236
911178 1978 2177
908491 1870 3429
234175 1779 1323
225407 4227 753
886863 2885 5740
443279 5865 4213
130950 2141 555
396032 1321 2751
251818 3406 323
768027 4391 6276
316484 3681 1964
713358 4013 3676
773803 2606 3621
15392 423 551
166197 4979 3763
633573 5989 3480
800454 6485 7326
136012 1461 1536
447657 381 3474
353285 572 5794
441030 6870 219
198561 4824 7862
340648 123 2803
165430 7161 2106
633306 8084 2803
256742 4219 7491
258736 3458 4024
445307 6285 2863
42133 5326 4535
418521 3173 2927
696453 2649 5988
679908 6372 125
863406 425 3533
184602 3699 5159
587095 4104 881
237084 7538 3164
348294 4149 7816
264737 774 1175
363407 2334 7495
5896 1328 5880
861855 7167 4950
692343 6432 5837
290422 7092 8075
97875 4095 4822
821204 2759 1327
829017 7800 8067
283419 296 6333
492052 4848 3759
465680 6939 3299
219742 5334 3093
653413 7683 6300
977288 4285 6730
454481 3347 537
76528 3902 5584
153705 918 6739
830235 5607 6424
752950 1486 2057
882287 3696 110
274671 1258 4690
158666 2301 7713
422114 1244 7053
147895 3883 1814
365287 4483 361
19122 5019 7741
565720 5633 4146
810159 6148 4356
637505 425 249
705775 7623 3668
800940 6261 6016
502016 5119 453
67690 3049 1823
366179 7747 3024
124782 361 5402
493187 809 1621
189810 7026 6322
679212 3623 2386
921447 3742 1684
751035 6749 918
361709 2944 7417
36772 4159 269
31306 3839 6193
293683 2008 2351
458154 7669 2712
813124 2646 1579
360404 5031 4801
594157 7818 5214
234638 3165 7346
630650 2254 1862
6342 2825 5917
336244 5787 2220
781417 3220 4860
177218 7323 4966
60991 7273 6736
580782 6058 2077
430026 2995 4595
674874 7399 3368
642167 7069 2197
696287 2581 3410
1769 2753 3458
880484 7573 4044
438465 6387 2549
944990 1901 5321
464162 177 341
996333 4227 2053
343375 1204 3899
949562 1731 6474
946795 3434 4959
759682 5357 709
873360 3484 236
569182 7354 5446
420336 6900 3878
478911 1861 5917
984583 4983 6278
108277 616 2620
224773 5927 3155
469834 2994 8011
58426 612 3459
445058 5725 7364
77766 1134 2529
520241 2130 7933
969708 3714 589
676567 7408 376
168208 682 4604
965962 1051 5776
942490 1431 6728
678750 5249 4910
996074 3996 3696
556571 7756 368
415851 6239 4361
461950 1100 906
789322 4670 7167
553402 2245 7505
273801 7510 4070
278560 5091 4995
869832 314 8019
210540 7844 7703
31849 2420 3088
879890 7618 110
490555 5308 4606
788948 193 5437
662858 4226 5005
915271 334 750
73396 6526 3042
423424 594 4139
911935 4214 2666
742199 7727 6221
501617 2692 1470
768740 6216 1679
414377 3260 4087
395136 2103 3141
243909 6311 6638
209215 1412 1236
201345 7842 5718
334466 5011 155
447140 6807 1484
658049 7728 1483
798947 4890 3637
18891 2591 3565
210940 3348 5341
356514 827 1163
251281 4404 4575
344176 592 7075
521344 7667 3392
240684 3919 2930
517969 7292 4561
903629 5891 3236
345886 1560 5283
37476 3383 7480
273625 4421 4480
832909 2872 8003
945115 1638 3289
546033 695 2502
259054 7769 531
558031 7289 4947
319530 3500 7175
823157 5768 4245
173983 1224 1500
814478 2446 3314
919276 1646 5720
485986 7041 1785
591331 4716 6118
52118 1604 851
282131 7143 1905
666336 1626 2899
825181 2859 4783
107147 3830 2792
893021 4713 2130
775444 3312 7380
254365 3591 7593
925484 4186 6536
180723 4164 1838
713537 5830 2636
552442 2769 2013
82008 5808 348
272126 4502 2496
177888 6656 6916
482663 8027 1245
659262 2000 142
469532 5023 2940
725453 333 4966
654536 7593 3173
800745 4815 5432
971037 5971 5408
6381 269 4005
839292 3009 2885
989389 1476 4648
937641 7222 6910
477863 6583 3383
571167 5593 2548
171338 3349 4813
300030 4324 7007
866044 3653 7272
205078 7559 2016
885352 5627 5941
338483 2374 4552
90420 6201 2199
313281 2906 3719
476931 7126 6474
812388 6089 6321
310451 5304 4174
384381 5387 5536
591742 1061 7372
242175 1847 7451
470989 1548 6458
366952 1954 4947
520252 1763 4477
319953 4361 6195
520241 7423 3081
981946 8092 3614
466426 6506 450
77435 4303 3660
557792 4738 3999
537450 1537 4867
148397 20 789
422943 1526 5010
338312 6123 757
463594 7575 1359
362477 1963 3342
720735 6606 2954
237617 7943 5340
787764 5461 628
795893 2367 6281
146478 2279 1389
29938 4871 2241
702517 6801 5546
727834 601 4968
55491 3429 2362
207761 291 3739
601352 4300 6878
621220 4206 867
242189 4015 4443
834578 3511 2294
684921 56 1250
303082 6733 1383
251464 6116 4119
804907 5616 2243
967816 1055 3413
77447 3894 3346
825319 489 4544
546009 6581 6634
546930 6816 2145
190320 2564 4431
216666 2913 7995
777395 2895 7621
551858 3391 3944
74772 6338 2902
229624 2399 6474
685302 4944 522
506016 4530 5723
661242 879 7717
209682 962 1921
572089 1460 6318
51600 5088 3821
429818 4407 569
157547 3704 1915
485749 7405 5626
513105 7747 7843
70546 1308 7194
305418 2652 7883
739141 2422 2065
819824 7670 6961
549165 2398 2580
271588 828 5267
177467 7845 2606
380864 6260 4872
184708 844 84
222709 4112 2849
985854 3735 5524
913375 3207 1784
636343 1006 7974
255582 4234 4637
826694 5063 2584
598493 5106 1612
480920 544 5918
775557 3994 5661
757640 2841 3633
840206 7886 2683
507918 4613 3429
328924 4034 3419
558898 2018 3602
388238 5667 99
28058 3187 8034
659982 3354 4261
943743 7365 5502
973324 3477 1758
30051 2103 1441
122651 2898 7797
443243 2502 1361
702138 2839 3163
64900 3627 6715
884799 1371 7488
695628 7131 1372
214981 1695 7640
795829 3238 1627
873773 6369 4961
353440 730 1630
957638 2668 894
23326 537 2192
361486 555 6948
454897 1960 165
610536 694 4329
127749 4928 478
703574 5621 708
716872 2537 1872
58556 4824 443
986135 5803 4938
439000 3400 7176
836374 6879 2351
695540 226 20
340817 7237 4718
887161 2544 3144
147988 6498 4141
804819 1853 1596
942825 5319 5326
82423 2636 3948
104222 1550 6379
163709 7838 2454
371518 4582 2536
388964 879 6721
253798 7813 4700
836420 6989 943
372994 5731 5669
565129 7074 5614
731443 2890 144
469183 730 8097
952731 3042 2502
884255 7920 7252
906831 5241 6387
263619 1880 5944
447594 7977 7532
701434 5851 7966
684726 3302 823
465230 3314 806
72164 2404 2720
165943 7208 6610
887838 1712 2112
255195 5220 7013
246101 7267 4674
659428 3540 2460
99463 311 6845
957444 357 1275
124114 1187 4187
584015 6664 7366
153422 1872 1379
973830 6236 971
313983 6391 3216
437318 5238 1484
918426 5355 4895
423813 4637 838
749382 2778 6288
944885 4929 7465
718501 7001 6429
169774 6504 2009
984236 1211 2614
168317 4027 2207
706116 1616 7930
163694 3033 1552
511392 2553 6814
819696 4672 3889
848899 4116 2122
218361 148 2167
667047 5720 3007
892037 3572 5792
699558 4377 5104
726362 1145 348
163277 1501 6698
651026 2672 2809
363231 6545 834
972127 5057 7476
216796 4486 3947
491587 106 4736
556181 2527 3689
447371 4893 131
717790 7872 7599
823710 2093 1081
729651 4938 7616
96889 365 3190
945060 7648 1272
715631 5281 4683
655440 1267 2064
471840 1436 2891
201739 1012 6185
913466 55 749
888690 1741 7437
300381 3542 947
18795 5175 3110
894787 1112 5460
915896 5177 3059
374133 1277 5475
3204 7949 7188
356502 7528 3938
165809 7735 2151
539369 1608 5258
390289 5715 6511
126334 6583 7014
350994 6952 6939
155732 4964 1747
485204 2819 5571
122099 381 6309
228974 1681 3636
876882 1739 2529
476346 7710 4116
161964 1864 7981
466234 597 2543
386395 6358 6834
30406 3603 5220
50683 5192 3315
694678 5224 2150
871799 6466 505
555988 6716 3222
433404 1671 2150
801741 3828 3319
376580 4357 7622
314885 1131 5085
480648 194 6460
617667 4222 4812
353932 1501 6732
448366 3045 638
601604 4728 4783
784294 1860 5041
417684 5550 5639
927381 6559 4650
71681 1126 1927
414989 949 6712
688826 2405 3856
496559 5226 289
735128 6954 5784
729245 609 4995
738109 56 6680
643945 688 5405
202643 6381 6423
211551 2259 4790
866 605 4926
481640 3859 7527
410347 6721 4014
934444 2701 3809
153746 4399 4401
945649 6813 5602
907463 6610 6280
559061 2138 2056
424868 6813 973
468707 6907 436
952277 509 2997
381667 7440 1518
654683 4650 1072
419672 3112 777
578168 3791 6373
913788 6611 4546
459688 3755 3553
75306 1751 5579
512712 7000 6186
579754 1450 2449
814599 6250 2076
321960 5022 4142
838160 8058 1826
398430 3748 5701
977428 4865 6662
530121 1767 2131
362996 6040 4957
459372 1930 5181
221741 2519 3644
46123 1004 6352
757569 623 2822
891416 3016 1668
401408 6159 1325
981259 610 530
260762 7550 1287
617770 7762 1127
762874 2151 2623
962314 2488 7002
472479 5132 361
988980 1140 4486
151966 895 2766
352118 2461 3633
613645 4009 787
805072 7729 7749
513001 5652 4224
679792 7501 2901
763239 3270 4165
328859 4673 2377
68060 1957 2392
613938 1593 722
196715 3651 137
61444 975 1633
983364 4251 1064
73996 73 2854
15121 5233 1108
30670 2208 3883
56433 1044 2142
653947 1685 2828
102787 717 21
102076 2892 71
498577 2905 6302
522221 6757 3535
330967 12 6136
900429 7071 7873
660729 4200 2567
453807 3797 6355
342577 5867 4851
248458 259 4235
541812 2607 2559
521547 5949 1292
406144 7235 3901
31775 2766 417
662349 2603 6415
876066 2027 7365
600593 1597 7909
53282 4464 609
403340 5605 6399
922289 7106 1985
47358 4383 6645
434229 3929 5382
655338 2591 2904
198766 2099 4766
587664 6976 3400
861452 6614 5357
589794 3338 6412
133660 8057 735
485138 1257 4347
341024 6649 4791
412536 3369 5043
867195 3541 6268
372373 5760 3201
779573 2860 7263
900830 6150 5764
333759 1218 8045
680191 6230 7133
809405 3725 4730
946773 1613 4158
23958 5985 702
578523 3485 453
279743 23 3989
553677 3117 2620
417274 5885 7085
467150 3381 5711
497742 6425 1309
199103 965 3171
151008 6668 4730
187916 6266 862
657547 3398 5558
187290 816 4944
204126 4880 5724
527479 7531 4765
683961 5964 7544
841987 2255 3675
840869 2902 1702
687703 1096 2759
348253 4486 628
85567 7031 2178
654444 3199 6957
100061 970 6139
415522 3224 3796
754013 8077 7469
740680 4269 6882
696416 5044 8029
782678 809 6576
54429 2387 1465
264822 2481 3800
193017 4909 5409
908170 2242 1326
498572 6210 7216
379205 1137 3965
364886 5664 4789
831432 580 7779
903919 3699 3446
164895 6208 10
855023 6282 2205
764998 4645 6773
257541 1759 2717
805617 2498 5322
445567 2941 5943
372768 5270 1302
282537 3604 26
396128 7124 3972
576470 5794 5955
711593 6286 1057
104531 4753 7518
524789 4481 5858
393678 7026 6814
828328 6111 432
463685 3215 6716
996100 5716 5594
817952 3015 7040
408124 239 4256
5480 7018 973
405282 6643 2237
299068 528 6953
439745 5155 2698
79982 5694 6454
994155 6852 5462
58966 7221 7096
550648 1797 1494
615653 1786 182
274533 4244 2295
239361 7038 5076
22309 1821 2756
101629 2137 2204
575882 1098 3747
264766 3269 1499
683200 5873 5778
621463 7712 5845
525592 6138 6783
966732 3383 2635
97666 1030 3476
825672 6968 5181
9112 5466 5251
899576 5184 7553
218125 3967 2922
129595 7499 1405
410299 7150 7786
138843 6027 5991
568481 2340 2121
236992 1630 6162
269579 2617 7238
433376 4342 3654
807322 2803 3968
180325 2092 3706
758815 5446 2503
771196 1070 5541
967850 4870 131
697713 1090 6415
327463 3107 5307
669150 4308 5104
585457 6928 5212
385373 3618 7214
316679 7302 4007
368869 68 7865
841658 6695 5574
204326 1557 5359
239254 1327 4263
834231 7896 6830
164009 1251 4312
550120 3596 5046
496793 7584 7089
165743 1856 5323
284974 5997 3809
965985 6498 6839
752120 5007 4790
352673 1180 6788
827196 6472 1251
778958 5051 4906
502216 3075 4026
988895 3947 135
705432 2157 7688
5989 7332 7893
757331 888 6655
671613 252 4209
535908 3967 6172
483489 6896 7076
83563 731 4626
42258 5097 2863
337365 7079 731
753648 7106 1897
172380 5793 6241
876553 3860 3005
616174 4630 836
498661 2550 5158
370739 6338 668
91691 4031 3734
476867 7843 6903
467163 7637 1474
979116 4830 2499
510418 5045 3513
67342 4262 227
460709 4670 6936
756315 6339 4246
470102 1121 3078
455231 1633 4478
584608 7614 900
423304 5092 7238
607017 6207 4187
960510 2603 2862
546937 1476 295
330676 3044 7535
630546 6627 6492
794889 6407 569
8949 5362 528
555597 3823 185
454554 3608 1012
379696 2600 2898
27624 4512 2535
897966 3722 2051
101918 7349 1582
788494 2326 1083
119682 5171 5228
759982 840 6009
66519 4969 4149
658506 3212 5240
3564 6696 6443
641320 1519 6676
946914 6588 5615
654721 5923 4382
974852 5175 3220
352497 3279 5774
597289 4785 2922
895585 4607 3428
629974 7327 5968
808238 1176 7905
226665 820 6514
724661 5147 5971
109512 1650 990
454224 5577 1824
765422 1285 2672
577110 2565 7481
158637 6027 3355
899770 2454 5120
263204 2387 792
322456 6889 7396
753669 1143 3110
464543 7351 1006
668515 4852 4588
434218 4944 7073
89715 6353 5513
241445 1660 3497
514335 3493 1872
618035 916 3747
641758 4431 1023
126797 1104 1319
609055 7189 2677
687697 1772 5802
354653 7056 4433
299260 6878 62
439296 365 7686
193743 6402 2054
634927 1995 76
623096 5056 5988
300377 606 475
21787 4447 4423
822014 5971 958
153623 3229 4191
804397 1805 574
781141 1124 478
211385 2100 8073
985103 3419 1789
264552 1908 3990
222361 5573 2424
97598 1471 7613
449969 3914 6440
480148 2261 3977
606378 3558 576
64673 778 2060
98719 463 3336
22379 6753 5047
48609 1475 7985
981582 2244 1310
645336 5939 7467
970915 3386 5205
243786 2002 2273
832994 7594 3910
476886 6354 904
416365 1590 3695
879740 3507 4271
36980 229 3527
814840 5056 4676
625200 5855 1897
336658 7935 4279
257706 1215 5870
148779 5964 42
6100 1791 1749
617522 890 7260
923495 189 5412
692953 5943 7710
41369 7845 4038
995035 2467 7576
81278 7057 7413
338817 7558 4774
979267 952 38
916153 6095 2403
473367 2178 3631
481184 6533 1265
250926 6920 8067
848113 1731 7413
241987 5449 6874
379678 1722 1327
221892 6713 6322
294087 2576 3314
621361 1107 1994
207522 2208 7732
856836 3133 7039
98979 6858 4011
264303 1883 7213
104088 2559 6628
839752 5293 6182
39996 6139 780
876470 4952 5760
301208 5334 976
461209 4918 2917
183786 4310 3397
383380 876 3268
441305 4758 1775
198757 233 4675
988584 2395 1161
15308 3026 2023
951662 1316 6316
86455 345 7918
419861 5954 1902
315198 1445 6758
906532 4778 6290
676844 2612 7679
153536 5430 99
999197 6886 948
844999 7345 5537
866013 160 4612
86133 3952 240
33358 4772 2077
678636 4667 35
849209 1248 1134
94980 3711 6644
829721 6011 3030
359752 8061 3956
908291 878 2854
905928 3433 2805
730015 4121 893
134921 5368 1039
488261 5347 3762
782765 6996 2828
138725 5704 6259
312529 7391 3675
559500 2842 3820
93177 7662 4114
256515 3091 7418
898790 2292 1739
360356 4230 4504
180470 3150 3809
563355 8051 6799
447627 1735 6392
369497 6371 7269
141759 2253 6811
642027 6503 6380
562292 6590 1891
408568 7072 5208
731614 3208 474
530780 4094 4037
660971 4393 1919
18567 3083 7633
149417 1665 7849
76577 6531 5154
633395 5837 1656
35240 4670 420
865874 5999 755
765854 7899 4201
220251 5465 7324
14982 4338 8032
659374 4614 2417
832844 6931 2806
60672 4865 7079
129352 5618 6384
545333 432 7978
802271 7611 6441
75766 3170 7200
700926 7016 3934
658170 339 6732
535911 4990 483
878649 7434 7370
420869 4573 3418
263514 3246 4588
896635 7548 7057
635057 6049 2235
153501 7572 776
279814 7612 3569
416677 6094 4735
559573 4824 5096
655315 4004 6593
747790 4030 3083
466341 7231 4657
80125 5550 1318
671426 7940 7393
656992 6157 809
874440 4807 7076
352051 7807 3761
947871 6852 3459
426323 3367 6625
63155 1233 5584
729024 3417 5421
752064 288 2838
861236 2550 4763
537370 4612 5277
345178 2187 4952
871709 921 543
572446 4856 7109
115443 6257 3441
617277 685 2750
890474 6587 2902
222023 4094 1101
310874 1946 1316
901756 1161 2316
217251 6018 412
436709 7582 5438
666192 459 3095
394637 5139 2860
926983 4807 748
541549 7449 7286
345897 324 3419
664332 386 450
977493 3468 403
726655 5167 1543
738802 8059 6600
738808 7918 5624
72170 754 3265
165787 3374 1398
505894 1303 6560
109019 3678 1175
231513 1992 192
749240 3605 6976
92426 579 6856
833001 5778 705
609414 3159 5748
964235 4152 4573
447098 4412 845
599938 1580 322
717836 4654 2192
297119 460 4264
120645 6857 211
567868 4660 125
637837 1556 2601
504206 380 4168
154862 6371 2891
967392 3185 3213
533282 6015 84
558378 5003 6966
325254 915 2701
546188 4217 6293
641540 7386 2821
422579 2433 5767
535475 477 2953
165009 2184 5489
39267 7588 2145
127093 3198 3367
328705 2639 7445
127636 6798 7115
576494 2654 3056
465103 1874 7309
395752 7650 432
555951 7640 510
292069 6968 6814
591608 2873 7437
406975 5126 5084
156806 6387 2207
489532 7907 2377
383111 2578 6857
815335 6775 1704
214486 7903 1229
803166 8029 3642
870010 2613 5446
323210 478 6029
579105 6093 2094
158545 5812 2848
306337 910 4076
869361 3148 745
89084 2199 1545
962620 956 8038
110775 3696 6046
308172 4471 6132
359471 3180 3780
168890 3026 8057
195215 1044 5862
426726 606 4791
708175 7520 6716
887695 5104 677
988852 4236 6717
677367 7802 5103
519980 2130 3493
255540 7055 4858
705898 4912 719
540442 3188 8004
43384 6850 3944
222139 6227 2975
912910 7070 4398
517242 4678 4107
822743 94 1194
766892 2509 6951
342288 589 7940
783572 5076 4068
779277 1355 5952
690425 2118 6369
700997 6709 5795
439437 3700 4611
441967 3166 3071
745419 3493 860
619729 3244 7973
50899 105 4649
768846 237 3793
709760 7251 7274
884245 4626 723
430959 668 2116
519852 1725 5051
379281 2718 7242
573746 4532 4175
736636 6758 4279
843693 1545 6407
359185 67 2152
37781 3609 1565
971801 647 437
496762 6657 1260
51993 1387 171
831500 2868 2863
607777 7430 785
710174 3589 4207
100716 6322 1638
767008 5854 61
733614 2299 945
692563 3798 1998
290911 3641 4888
262684 5443 6090
681003 5079 2345
424674 2078 1772
590580 2045 5919
405274 1037 2942
941347 115 7267
72538 272 2320
312753 4467 271
790843 921 1829
637508 2883 3953
186121 7641 5766
896204 1920 6413
976097 483 692
946570 6451 5861
899680 3259 1960
559537 1249 5299
948487 4198 6137
809997 2718 261
887845 2178 4881
68033 3856 417
754804 5517 4838
850046 7249 2575
919809 1224 5393
762582 5953 6293
982083 172 4361
749371 4471 6784
111460 5704 787
714485 4150 6088
152176 4647 7640
97734 2763 3835
706898 4412 2238
488714 5307 1114
368306 6561 1402
501564 763 7540
905745 3313 122
975496 2434 1852
236614 4501 3181
655599 48 7014
688226 4575 6089
94755 3094 630
482107 1592 2037
211024 3753 908
492215 4982 2344
217526 3416 2571
876970 6425 6323
25693 2011 2192
571509 5245 2741
98270 317 5849
343572 4327 4615
96042 7901 3374
510387 6162 5641
851419 951 7248
668162 921 5335
451710 7750 8095
76608 914 534
672103 3310 1945
787620 5477 4397
521389 1843 4706
908203 6216 7889
565113 299 3587
216367 7348 1231
506569 19 2358
369015 3676 4910
824362 7943 3119
564743 6840 6392
193495 3258 7830
489839 5250 1577
989716 3356 465
833395 952 4511
632520 321 3469
214418 323 5656
244318 5035 7928
358035 478 7896
114638 216 2351
285754 1328 843
809167 2333 6243
381702 294 1355
678462 5003 7584
258964 6907 2680
86669 4021 5348
377758 979 3935
368070 6967 5251
330645 1053 330
677735 206 726
398840 1498 810
960514 7931 5211
728603 5872 6721
49976 5049 5151
461458 4380 2587
877430 2062 3585
72787 7662 4059
676661 5402 1553
221077 3463 1983
573334 5435 405
318526 2229 5450
90464 5047 2135
489996 7680 1864
253032 7307 5210
820863 2646 23
599691 2622 1061
540575 4303 6317
556282 7817 6510
573811 1476 239
765038 568 5451
932421 5740 1599
81017 1647 4630
23002 4415 1895
169242 2078 5658
952714 76 4452
841214 4459 7819
62010 2457 5207
409363 5655 4413
795270 2204 3014
650184 7397 5146
96078 1927 4356
190571 5480 4572
791048 5286 3877
134849 3368 5141
107526 53 1652
579331 6063 2291
826656 2001 3706
773251 77 1775
760009 7777 816
509185 4418 4992
552792 1901 6371
730820 3849 3078
310834 3158 786
9420 2986 2268
575059 5025 5382
670958 1116 6288
152975 4799 3236
554090 3062 7883
345226 1864 2719
803201 460 5230
105053 1797 4915
365046 4155 6612
169776 210 3031
371938 990 5399
703776 1703 6131
48632 1161 5038
114739 10 7962
653650 3825 3375
528303 4028 874
96023 8094 5721
375946 4499 5236
120721 2961 1407
597903 3397 1358
207582 2565 562
655836 4814 4960
887846 3691 148
685279 5902 7251
253674 7600 587
693963 2432 3681
476451 2823 5236
22685 7496 2502
33755 5559 6319
755565 7014 3237
64235 345 6135
250921 3603 1384
360405 5507 4853
754069 2339 7469
792499 290 7388
793129 704 5009
806588 294 4329
145770 5329 5031
232283 2703 4997
278082 4583 670
811990 7224 6876
15374 2318 3598
241380 4619 976
368369 5871 1121
779503 7578 7364
787758 5048 1051
442436 7054 2055
276930 583 1105
624203 6983 7538
267702 7019 4960
88448 7749 4650
295006 4155 69
201584 5903 4798
569326 7341 122
511980 5564 1938
361274 1519 182
75955 892 3057
508898 4868 6472
345886 4158 2432
461323 6456 5624
875659 201 2124
424283 3680 3027
823373 1376 1033
832135 2523 1973
753854 4963 3693
92389 3924 4179
74612 3136 417
834332 2339 2917
415134 6666 4843
515799 2132 2570
972835 3121 3519
629524 3443 664
171656 1198 1221
861111 5258 7859
898853 3512 7853
854237 7065 1020
430874 6692 4774
705368 7430 4477
527667 6389 5562
631744 3163 6020
326839 7630 988
52137 18 2307
356655 608 6204
111072 3515 1718
339894 4753 1760
410384 1994 75
604817 1285 6432
253735 4532 407
761232 763 6903
644917 2579 3156
21097 5967 7963
821767 3601 2054
587103 3555 1213
503153 5680 5221
22087 1946 2352
121494 658 3784
132323 5827 4715
765752 3648 7242
183999 6414 5001
752444 6749 4592
822048 5754 2191
49382 4740 7329
108539 350 745
223300 5214 6686
873944 2680 1230
8105 5000 5355
810616 7325 4233
171819 2324 3677
69148 3056 3515
694093 6283 2948
497285 5107 2916
89059 791 2458
625602 692 5898
454832 6982 2805
575351 5807 7879
800830 981 5326
602113 1433 6089
254914 1360 2896
569475 2244 4802
492063 1183 1786
854322 4700 1058
399317 2546 8097
98592 1144 4043
938822 1977 649
92622 5027 5712
741665 2274 5777
893173 6569 76
307608 88 6662
159250 2768 5443
647088 7140 437
491017 4398 5383
727585 5699 3639
695736 1175 1928
496244 1942 158
734354 6883 7210
163857 6330 6858
141281 7729 6494
996615 5825 3150
282632 3937 5421
342548 4749 990
735292 5535 4364
514774 4794 3504
316455 4549 4661
202172 2155 3589
832876 2805 5557
247682 2211 3707
92117 5606 3679
348994 7336 589
6256 4332 864
242616 514 3531
272991 5968 3946
960460 6334 7025
876983 734 6269
359829 2745 5263
179642 6778 3765
478093 6434 4803
43297 7751 1861
6301 6856 7149
351557 1945 4781
787420 6058 5446
796076 1329 5061
405409 4149 4340
666510 5334 5667
241464 2479 3155
121336 4927 3685
402263 328 5002
857823 5314 1752
111062 6877 7744
226838 7081 3495
422894 4153 420
148821 3546 1377
969939 4814 6547
914474 7287 7289
623067 2215 7399
971336 3785 6130
301079 2158 1011
65533 3131 6992
602444 3291 4730
614337 2534 7098
420146 6340 947
703032 7390 2223
647824 209 5391
138004 85 7483
42541 4259 3244
464530 6869 217
638469 4656 4103
923711 8027 5160
229113 835 7955
632510 5385 3959
315418 4124 392
890302 636 2823
473910 413 1602
402509 569 5033
291206 895 6860
431158 1954 2935
448906 7497 4831
36393 3028 6447
696719 2242 5583
81576 3142 1339
850443 6254 6638
588551 4491 1911
182828 920 97
861530 4038 7066
935084 3712 7213
699779 7972 2432
971172 5234 7986
127283 1506 4948
127526 4392 624
995167 2816 5769
872796 1691 5303
4897 2624 134
636862 226 2594
274539 5075 4049
618601 7422 38
573941 3791 6086
682584 8095 1035
973439 2310 6404
176924 7718 1561
515372 6068 7806
721128 7355 2102
828429 5023 2166
695468 1059 4965
140923 5168 3177
879002 6152 3488
860378 5910 6089
158223 3359 5618
487305 5886 7903
141513 5781 2886
321354 2474 3034
909677 7275 6219
778025 5311 218
209407 3467 3698
31681 3133 2567
152549 6198 6794
138435 5726 7200
309056 5941 1293
966408 152 6005
625224 561 5012
547999 2396 6980
126441 6637 1467
743015 2612 3136
472830 5231 2201
185911 3400 376
408133 5445 1931
222242 3392 3137
881173 2266 6382
685061 2323 2839
901922 960 3092
328362 1779 2435
496435 7351 1361
896650 479 4682
816139 2071 1564
581354 6010 5469
234904 4826 1745
185263 560 638
954825 1846 2193
234023 67 2140
334904 90 3788
13023 6044 5024
864722 4970 2528
879223 4948 3570
885768 3046 271
156993 5133 3510
981302 2180 4303
198227 5892 1651
889949 7969 1704
159756 3718 100
411356 2451 7075
808877 5551 499
527920 1736 148
783938 4644 7511
986163 1530 7151
743021 6118 798
393868 4788 3853
231312 4481 2364
356414 7341 5627
92817 5048 275
830123 4568 7331
917933 2107 5823
265627 3125 3164
57394 5612 6705
529566 75 885
111757 4599 993
332453 478 347
181154 1565 6508
614625 7181 6743
948047 3730 7954
40186 7094 2701
254427 3737 5939
801766 4123 5169
846951 5405 7584
431868 2814 2866
559434 7063 3549
362833 2715 4811
882206 5322 2638
752889 7711 199
83418 4458 5677
596581 4200 4629
209635 4379 258
869823 2961 7186
921303 3827 1257
54116 6671 4792
152754 5990 2358
594444 7663 4552
467995 4673 4550
639557 3822 4294
415799 5076 7895
125803 5827 161
559056 490 6017
297028 188 7347
853418 7239 5415
864619 3005 2393
706477 6485 13
829372 3281 6597
38431 129 2916
903074 743 3842
603228 6480 2080
127381 4194 1097
608672 6994 2063
881840 1755 2803
658727 7053 972
515337 4632 3247
964544 7762 439
180793 6202 1243
592736 5433 3875
670196 7173 5778
843503 2165 2730
592959 6031 4250
506290 1130 6054
4631 1700 1528
103080 3155 1756
244763 5538 258
712248 3544 5372
927381 7347 7484
534544 7172 1121
461876 1727 1316
515403 4001 5942
894716 1261 4563
457026 6992 4344
571201 438 3648
728298 7140 4794
353399 2100 2843
715437 1169 1540
653749 6886 5432
403139 4760 5254
77130 3148 2771
456454 320 2061
