767 447 296
623629 522 607
876576 637 731
286194 616 381
213382 268 592
188368 238 214
723434 249 367
867405 568 764
41540 232 441
129240 96 225
936947 62 482
153591 179 761
922557 267 115
604033 512 709
255400 644 387
774126 391 58
27982 599 163
519346 697 237
91326 534 370
473748 680 73
90453 501 38
771676 321 497
95515 100 617
610442 382 429
99181 173 163
9403 251 91
738600 639 39
618851 405 675
489450 654 487
501554 684 382
155284 289 40
82917 570 682
660318 742 586
893164 390 577
972728 139 743
571803 487 51
866520 585 67
455627 594 615
141026 339 378
434396 29 499
17389 521 292
895494 391 177
173692 470 666
309343 291 92
796167 296 122
782492 673 185
937301 589 623
104394 204 52
252440 402 309
535946 102 7
800726 250 68
369899 110 300
899495 545 189
47085 298 448
355630 442 526
963406 397 765
858361 140 526
321697 132 27
725800 628 193
394337 20 669
956452 169 171
649291 541 728
560387 289 233
733880 576 719
584983 713 363
184904 160 610
37817 118 765
904588 326 218
740279 727 619
223156 761 156
953517 445 36
755857 514 39
666274 440 529
423083 360 584
303703 628 136
196765 155 111
868497 722 338
463507 140 653
229504 41 380
74709 497 236
853176 750 140
565421 644 74
346657 163 358
474858 344 522
301471 188 126
707764 199 480
189399 507 685
448075 110 414
692851 315 551
99726 749 299
130690 593 7
161743 322 659
344253 611 680
538690 662 656
656754 363 183
651133 61 151
9245 717 541
403520 491 299
959397 719 233
154560 724 632
640357 688 608
25943 93 374
292284 354 643
402238 93 266
478260 537 209
289258 363 354
499574 329 352
27925 464 219
749458 607 103
193912 761 327
81515 238 562
434184 157 639
958125 489 692
482785 290 644
856509 729 392
463101 503 283
483378 726 629
247598 562 57
168137 713 764
411390 671 22
204649 653 755
401448 150 388
728672 267 315
530710 664 166
206369 62 117
951795 342 521
660284 146 156
871683 645 657
28448 88 166
7157 618 226
968897 509 587
247042 290 164
209245 300 59
203515 82 724
129766 183 6
899875 104 1
503210 733 37
505296 75 724
233903 325 649
370614 11 97
37071 132 272
68658 105 325
192492 127 721
151625 108 195
950275 144 165
766833 499 406
941473 701 731
178081 383 80
627982 128 122
827101 6 380
423791 181 331
670037 99 752
591108 643 277
169831 105 459
279800 153 762
606171 296 375
732090 332 23
342406 205 294
528014 122 330
904953 126 500
155237 721 207
156293 35 590
160211 545 146
278763 143 485
548959 433 401
950533 205 707
743074 735 373
109179 301 508
852579 613 227
619562 66 685
940982 645 374
237552 18 605
860302 352 3
902093 378 506
233925 241 273
542278 501 707
822263 404 413
835167 410 438
412155 48 422
72478 294 23
120538 650 534
978687 452 682
700883 116 466
905831 334 690
746708 526 764
832145 200 69
938379 548 611
12363 124 69
790653 573 709
715955 286 88
235373 365 145
956440 647 115
792329 658 679
28239 401 272
510656 3 418
352194 248 716
862202 402 49
573825 630 500
563788 374 763
786907 575 487
580773 740 264
456130 405 254
187026 519 264
387310 241 664
176969 572 367
102840 232 541
16170 180 728
72342 636 519
969544 144 629
944730 45 174
717017 590 756
904022 454 361
91768 550 496
56984 198 176
891836 248 212
972018 100 251
584939 232 499
528240 31 456
194024 224 191
516756 117 448
551730 200 559
241582 669 307
911272 357 154
444058 36 8
191883 163 70
680451 539 4
23402 425 744
721845 390 136
493829 410 735
530841 413 104
291180 758 675
578461 22 105
73372 736 520
105927 631 379
47132 72 103
843428 224 464
373628 558 17
195119 501 106
471126 669 622
104755 31 388
665615 306 672
566913 133 214
598466 387 212
446751 751 116
486871 455 121
67544 512 542
735217 108 597
364804 135 553
79757 635 513
261444 462 439
796849 638 403
66555 298 274
652701 34 660
960125 503 363
627623 235 639
51648 654 667
775494 660 755
756683 320 486
812024 385 663
573395 654 160
313455 183 618
793263 397 620
491433 143 72
640983 479 296
381022 12 338
909262 592 715
272163 562 584
58153 104 626
332495 240 490
237730 495 415
937297 345 329
889729 502 40
325524 247 343
882804 476 549
201284 334 53
960891 83 234
426727 304 657
44572 498 286
926470 673 312
882174 519 172
99850 616 634
4294 512 553
933649 696 311
231 566 420
69916 576 137
415810 387 82
737481 40 504
480620 346 21
73678 748 325
682650 352 498
382226 766 77
611293 580 547
417281 492 392
193594 462 709
654136 509 243
341118 674 641
261959 274 578
642519 112 355
601677 262 310
241260 609 347
470346 195 506
572947 562 70
884909 545 423
462110 234 575
240622 101 420
881754 272 123
146543 250 46
4866 309 219
499794 372 205
246507 187 18
7258 564 704
852958 361 392
447540 734 535
647364 159 267
817949 610 729
316945 393 612
189382 427 5
914446 512 393
91540 481 228
454711 668 714
114783 125 677
707569 199 556
351343 36 621
565242 528 134
226670 473 289
929213 452 302
734382 551 711
745952 526 116
566249 331 49
24301 529 214
488270 244 606
590142 662 578
993052 429 68
776436 375 208
475330 448 265
848095 239 334
164052 363 107
374489 721 53
198420 574 130
283890 359 61
904119 278 700
115532 291 383
65422 621 641
120433 608 746
820983 297 139
751701 524 660
778464 636 372
712879 569 584
677815 107 393
427646 87 116
903897 271 449
412410 202 541
145408 11 550
195762 38 467
641192 160 184
15493 671 736
376878 564 602
173597 109 376
999178 388 67
102282 512 321
614828 333 330
114622 102 134
502000 200 333
875899 213 377
491937 218 629
769927 153 331
523450 566 275
477850 97 615
310953 200 661
293724 474 316
868718 554 311
480527 685 485
790391 282 575
213646 471 244
8448 531 159
677350 514 198
722267 480 468
790009 698 435
828225 448 518
225056 702 431
510540 234 464
309778 146 750
831451 338 374
471710 97 245
689384 92 633
737061 152 243
904272 67 531
981931 723 586
317129 98 336
653733 373 414
712823 241 530
300464 283 762
420482 55 322
597409 369 432
821807 544 705
620648 312 422
804120 444 65
162759 529 590
90547 564 726
302111 44 747
294434 154 345
467079 760 327
436732 492 184
286256 228 684
658256 447 182
804030 87 163
676701 186 707
242673 386 8
530723 139 563
890969 98 731
726829 677 671
911549 8 694
723118 754 474
926212 702 247
196608 746 332
598152 509 592
705231 460 561
569764 573 108
656696 159 753
647756 302 732
551372 181 183
63493 399 617
417263 302 371
897997 732 236
934706 592 685
708031 266 535
647197 286 589
750262 346 402
998817 591 627
51259 210 706
519972 188 538
469759 260 295
773987 508 115
422961 46 606
269369 350 128
431710 651 75
917718 96 137
545100 766 414
844089 745 589
715319 1 142
253217 376 201
209062 153 277
918468 51 563
871216 736 544
62818 474 321
169602 662 669
387101 4 697
435227 346 33
