61 68 19
778485 59 8
223474 34 7
38448 22 16
108593 2 17
76785 56 39
631149 35 34
691797 60 43
963068 48 25
491909 49 56
664088 41 34
902105 53 52
494862 43 27
693250 17 27
959081 35 20
538990 28 30
796920 11 26
377779 33 41
238427 21 49
801489 34 23
454175 42 1
720367 25 22
841564 56 14
501354 36 37
243277 18 6
76452 52 60
494389 59 11
20736 23 49
566223 38 47
537191 28 49
535730 22 18
398981 50 30
820059 45 28
265156 52 3
230292 42 18
372031 28 2
912795 21 34
344037 55 58
6472 2 8
494538 29 33
985240 30 23
592956 54 47
52856 11 49
525798 19 39
174288 2 42
590828 27 10
808209 47 12
922457 24 1
932661 11 30
800766 1 20
822062 28 24
462139 12 6
576205 39 38
745277 20 11
312629 43 47
810982 2 16
913186 22 41
297021 4 2
612525 11 57
950518 17 25
145433 24 50
289861 13 23
438322 38 41
821697 52 40
536959 39 33
367698 51 12
967376 27 49
747065 20 12
366325 56 17
